1 1
5 1
563 1
2 2
10 2
563 2
3 3
11 3
34 3
35 3
104 3
475 3
4 4
7 4
27 4
101 4
102 4
103 4
1 5
5 5
9 5
6 6
7 6
37 6
98 6
103 6
4 7
6 7
7 7
37 7
101 7
102 7
103 7
8 8
26 8
35 8
724 8
5 9
9 9
10 9
104 9
2 10
9 10
10 10
104 10
3 11
11 11
12 11
38 11
566 11
11 12
12 12
13 13
34 13
104 13
14 14
413 14
15 15
16 15
17 15
18 15
19 15
411 15
15 16
16 16
15 17
17 17
15 18
18 18
15 19
19 19
20 20
21 20
37 20
102 20
20 21
21 21
22 21
23 21
24 21
25 21
21 22
22 22
21 23
23 23
21 24
24 24
21 25
25 25
8 26
26 26
35 26
4 27
27 27
28 27
29 27
30 27
101 27
27 28
28 28
27 29
29 29
27 30
30 30
31 31
32 31
100 31
31 32
32 32
100 32
33 33
100 33
3 34
13 34
34 34
104 34
553 34
3 35
8 35
26 35
35 35
104 35
710 35
36 36
711 36
6 37
7 37
20 37
37 37
102 37
11 38
38 38
39 38
98 38
412 38
38 39
39 39
99 39
40 40
41 40
43 40
45 40
40 41
41 41
42 41
44 41
41 42
42 42
40 43
43 43
146 43
41 44
44 44
486 44
40 45
45 45
49 45
46 46
48 46
47 47
48 47
46 48
47 48
48 48
54 48
506 48
45 49
49 49
50 49
53 49
49 50
50 50
51 50
52 50
50 51
51 51
50 52
52 52
125 52
49 53
53 53
54 53
55 53
48 54
53 54
54 54
425 54
445 54
447 54
53 55
55 55
56 56
63 56
57 57
66 57
58 58
70 58
59 59
67 59
60 60
68 60
61 61
130 61
62 62
129 62
56 63
63 63
64 63
65 63
63 64
64 64
71 64
131 64
226 64
63 65
65 65
1095 65
57 66
66 66
67 66
68 66
74 66
183 66
226 66
59 67
66 67
67 67
68 67
69 67
60 68
66 68
67 68
68 68
74 68
90 68
201 68
67 69
69 69
70 69
58 70
69 70
70 70
182 70
196 70
1063 70
1065 70
1074 70
64 71
71 71
72 71
71 72
72 72
73 72
121 72
72 73
73 73
66 74
68 74
74 74
75 74
76 74
78 74
80 74
119 74
74 75
75 75
204 75
810 75
918 75
74 76
76 76
77 76
78 76
127 76
76 77
77 77
1050 77
74 78
76 78
78 78
79 78
452 78
78 79
79 79
416 79
417 79
454 79
74 80
80 80
81 80
447 80
452 80
80 81
81 81
448 81
450 81
464 81
82 82
94 82
83 83
94 83
84 84
95 84
85 85
87 85
126 85
86 86
87 86
241 86
251 86
253 86
267 86
269 86
283 86
291 86
293 86
294 86
302 86
315 86
85 87
86 87
87 87
88 87
87 88
88 88
89 89
105 89
115 89
68 90
90 90
91 90
90 91
91 91
92 91
108 91
115 91
116 91
91 92
92 92
93 92
92 93
93 93
94 93
252 93
264 93
271 93
288 93
292 93
293 93
294 93
322 93
323 93
324 93
325 93
326 93
82 94
83 94
93 94
94 94
96 94
264 94
318 94
325 94
84 95
95 95
97 95
262 95
268 95
300 95
94 96
96 96
145 96
704 96
705 96
95 97
97 97
268 97
6 98
38 98
98 98
39 99
99 99
413 99
31 100
32 100
33 100
100 100
725 100
732 100
4 101
7 101
27 101
101 101
102 101
103 101
4 102
7 102
20 102
37 102
101 102
102 102
103 102
4 103
6 103
7 103
101 103
102 103
103 103
478 103
3 104
9 104
10 104
13 104
34 104
35 104
104 104
89 105
105 105
106 105
109 105
105 106
106 106
107 107
108 107
91 108
107 108
108 108
110 108
105 109
109 109
1029 109
108 110
110 110
111 110
328 110
367 110
370 110
110 111
111 111
367 111
368 111
701 111
112 112
113 112
370 112
686 112
112 113
113 113
114 113
115 113
690 113
113 114
114 114
1009 114
89 115
91 115
113 115
115 115
91 116
116 116
117 116
126 116
116 117
117 117
118 118
119 118
74 119
118 119
119 119
123 119
120 120
121 120
72 121
120 121
121 121
122 121
504 121
121 122
122 122
123 122
124 122
119 123
122 123
123 123
125 123
122 124
124 124
125 124
127 124
52 125
123 125
124 125
125 125
126 125
129 125
546 125
85 126
116 126
125 126
126 126
129 126
76 127
124 127
127 127
128 127
127 128
128 128
62 129
125 129
126 129
129 129
61 130
130 130
133 130
173 130
213 130
64 131
131 131
132 131
133 131
136 131
131 132
132 132
144 132
742 132
130 133
131 133
133 133
134 133
133 134
134 134
135 135
136 135
139 135
740 135
131 136
135 136
136 136
141 136
137 137
139 137
141 137
761 137
138 138
141 138
877 138
882 138
135 139
137 139
139 139
140 139
139 140
140 140
829 140
830 140
136 141
137 141
138 141
141 141
142 142
258 142
366 142
143 143
144 143
743 143
745 143
826 143
132 144
143 144
144 144
827 144
96 145
145 145
318 145
703 145
43 146
146 146
147 146
146 147
147 147
148 147
147 148
148 148
149 149
166 149
150 150
173 150
151 151
175 151
152 152
180 152
153 153
183 153
154 154
207 154
155 155
198 155
156 156
213 156
157 157
219 157
158 158
226 158
159 159
182 159
205 159
160 160
172 160
233 160
161 161
222 161
743 161
162 162
163 162
169 162
209 162
223 162
232 162
162 163
163 163
186 163
201 163
227 163
164 164
166 164
165 165
166 165
167 165
175 165
194 165
149 166
164 166
165 166
166 166
192 166
201 166
218 166
165 167
167 167
175 167
168 168
180 168
209 168
162 169
169 169
187 169
170 170
188 170
194 170
171 171
178 171
217 171
160 172
172 172
173 172
222 172
755 172
130 173
150 173
172 173
173 173
184 173
174 174
211 174
216 174
151 175
165 175
167 175
175 175
179 175
176 176
177 176
178 176
207 176
176 177
177 177
207 177
171 178
176 178
178 178
214 178
217 178
175 179
179 179
203 179
152 180
168 180
180 180
209 180
181 181
183 181
70 182
159 182
182 182
183 182
205 182
221 182
66 183
153 183
181 183
182 183
183 183
184 183
201 183
226 183
173 184
183 184
184 184
193 184
213 184
185 185
187 185
163 186
186 186
187 186
218 186
169 187
185 187
186 187
187 187
188 187
206 187
209 187
170 188
187 188
188 188
189 189
211 189
216 189
190 190
199 190
191 191
195 191
197 191
198 191
211 191
166 192
192 192
199 192
218 192
220 192
184 193
193 193
198 193
199 193
208 193
165 194
170 194
194 194
216 194
191 195
195 195
211 195
70 196
196 196
191 197
197 197
212 197
155 198
191 198
193 198
198 198
190 199
192 199
193 199
199 199
200 200
201 200
202 200
68 201
163 201
166 201
183 201
200 201
201 201
218 201
200 202
202 202
203 202
179 203
202 203
203 203
75 204
204 204
159 205
182 205
205 205
221 205
187 206
206 206
216 206
154 207
176 207
177 207
207 207
208 207
224 207
193 208
207 208
208 208
162 209
168 209
180 209
187 209
209 209
210 210
215 210
217 210
218 210
174 211
189 211
191 211
195 211
211 211
212 211
197 212
211 212
212 212
130 213
156 213
184 213
213 213
504 213
178 214
214 214
217 214
210 215
215 215
174 216
189 216
194 216
206 216
216 216
218 216
171 217
178 217
210 217
214 217
217 217
166 218
186 218
192 218
201 218
210 218
216 218
218 218
157 219
219 219
220 219
230 219
192 220
219 220
220 220
182 221
205 221
221 221
222 221
225 221
161 222
172 222
221 222
222 222
225 222
233 222
743 222
162 223
223 223
232 223
207 224
224 224
1026 224
221 225
222 225
225 225
64 226
66 226
158 226
183 226
226 226
163 227
227 227
228 227
227 228
228 228
229 228
231 228
232 228
228 229
229 229
219 230
230 230
228 231
231 231
232 231
162 232
223 232
228 232
231 232
232 232
160 233
222 233
233 233
234 234
236 234
307 234
235 235
236 235
243 235
270 235
272 235
298 235
299 235
234 236
235 236
236 236
286 236
237 237
261 237
287 237
309 237
366 237
702 237
238 238
239 238
270 238
238 239
239 239
270 239
281 239
240 240
259 240
86 241
241 241
242 241
246 241
253 241
257 241
266 241
275 241
279 241
289 241
291 241
292 241
293 241
294 241
299 241
310 241
321 241
327 241
241 242
242 242
244 242
245 242
235 243
243 243
242 244
244 244
272 244
242 245
245 245
298 245
241 246
246 246
310 246
247 247
248 247
255 247
247 248
248 248
255 248
249 249
282 249
250 250
257 250
263 250
289 250
317 250
86 251
251 251
267 251
93 252
252 252
310 252
313 252
86 253
241 253
253 253
254 254
255 254
285 254
247 255
248 255
254 255
255 255
258 255
260 255
263 255
256 256
290 256
317 256
321 256
241 257
250 257
257 257
142 258
255 258
258 258
261 258
327 258
240 259
259 259
278 259
255 260
260 260
289 260
237 261
258 261
261 261
95 262
262 262
268 262
276 262
314 262
250 263
255 263
263 263
93 264
94 264
264 264
311 264
265 265
276 265
300 265
241 266
266 266
307 266
86 267
251 267
267 267
282 267
284 267
302 267
95 268
97 268
262 268
268 268
270 268
301 268
86 269
269 269
284 269
235 270
238 270
239 270
268 270
270 270
275 270
279 270
280 270
318 270
320 270
93 271
271 271
235 272
244 272
272 272
273 273
274 273
303 273
315 273
273 274
274 274
312 274
241 275
270 275
275 275
262 276
265 276
276 276
277 277
285 277
289 277
259 278
278 278
309 278
241 279
270 279
279 279
270 280
280 280
239 281
281 281
249 282
267 282
282 282
86 283
283 283
292 283
267 284
269 284
284 284
254 285
277 285
285 285
236 286
286 286
237 287
287 287
93 288
288 288
291 288
241 289
250 289
260 289
277 289
289 289
256 290
290 290
86 291
241 291
288 291
291 291
93 292
241 292
283 292
292 292
86 293
93 293
241 293
293 293
86 294
93 294
241 294
294 294
295 295
298 295
296 296
297 296
296 297
297 297
299 297
235 298
245 298
295 298
298 298
235 299
241 299
297 299
299 299
95 300
265 300
300 300
696 300
268 301
301 301
314 301
86 302
267 302
302 302
273 303
303 303
312 303
304 304
305 304
315 304
329 304
304 305
305 305
315 305
306 306
322 306
234 307
266 307
307 307
308 308
323 308
237 309
278 309
309 309
241 310
246 310
252 310
310 310
264 311
311 311
326 311
274 312
303 312
312 312
315 312
252 313
313 313
262 314
301 314
314 314
86 315
273 315
304 315
305 315
312 315
315 315
316 315
319 315
323 315
315 316
316 316
322 316
250 317
256 317
317 317
94 318
145 318
270 318
318 318
704 318
315 319
319 319
329 319
270 320
320 320
241 321
256 321
321 321
93 322
306 322
316 322
322 322
93 323
308 323
315 323
323 323
93 324
324 324
325 324
93 325
94 325
324 325
325 325
93 326
311 326
326 326
241 327
258 327
327 327
110 328
328 328
304 329
319 329
329 329
330 330
335 330
331 331
336 331
332 332
337 332
333 333
350 333
334 334
350 334
330 335
335 335
337 335
331 336
336 336
337 336
332 337
335 337
336 337
337 337
338 337
339 337
340 337
337 338
338 338
340 338
337 339
339 339
340 339
337 340
338 340
339 340
340 340
341 340
342 340
340 341
341 341
342 341
340 342
341 342
342 342
343 342
344 342
345 342
370 342
342 343
343 343
346 343
342 344
344 344
346 344
342 345
345 345
346 345
343 346
344 346
345 346
346 346
347 346
349 346
367 346
346 347
347 347
348 347
347 348
348 348
349 348
346 349
348 349
349 349
350 349
333 350
334 350
349 350
350 350
351 351
366 351
352 352
353 352
408 352
409 352
352 353
353 353
363 353
382 353
354 354
382 354
383 354
355 355
375 355
356 356
383 356
398 356
357 357
394 357
395 357
358 358
479 358
359 359
474 359
360 360
715 360
361 361
479 361
480 361
362 362
403 362
714 362
353 363
363 363
364 363
365 363
373 363
374 363
388 363
395 363
407 363
474 363
363 364
364 364
363 365
365 365
142 366
237 366
351 366
366 366
699 366
110 367
111 367
346 367
367 367
368 367
372 367
111 368
367 368
368 368
369 369
371 369
110 370
112 370
342 370
370 370
369 371
371 371
372 371
367 372
371 372
372 372
363 373
373 373
363 374
374 374
355 375
375 375
376 375
377 375
378 375
379 375
380 375
381 375
389 375
404 375
375 376
376 376
375 377
377 377
375 378
378 378
375 379
379 379
375 380
380 380
375 381
381 381
353 382
354 382
382 382
354 383
356 383
383 383
384 383
385 383
386 383
387 383
392 383
383 384
384 384
383 385
385 385
383 386
386 386
383 387
387 387
363 388
388 388
389 388
390 388
391 388
395 388
401 388
405 388
375 389
388 389
389 389
388 390
390 390
388 391
391 391
383 392
392 392
395 392
393 393
474 393
479 393
357 394
394 394
395 394
357 395
363 395
388 395
392 395
394 395
395 395
398 395
399 395
405 395
406 395
407 395
474 395
396 396
406 396
716 396
717 396
397 397
716 397
717 397
356 398
395 398
398 398
395 399
399 399
400 400
473 400
388 401
401 401
402 401
714 401
401 402
402 402
362 403
403 403
375 404
404 404
409 404
388 405
395 405
405 405
395 406
396 406
406 406
479 406
483 406
716 406
717 406
363 407
395 407
407 407
352 408
408 408
352 409
404 409
409 409
410 410
411 410
412 410
731 410
15 411
410 411
411 411
476 411
477 411
486 411
38 412
410 412
412 412
413 412
478 412
709 412
724 412
14 413
99 413
412 413
413 413
414 414
431 414
433 414
415 415
432 415
433 415
79 416
416 416
433 416
462 416
79 417
417 417
433 417
462 417
418 418
419 418
545 418
418 419
419 419
420 420
421 420
422 420
470 420
420 421
421 421
420 422
422 422
423 423
425 423
516 423
424 424
466 424
516 424
54 425
423 425
425 425
426 425
427 425
466 425
425 426
426 426
437 426
519 426
425 427
427 427
428 428
429 428
430 428
431 428
432 428
428 429
429 429
428 430
430 430
414 431
428 431
431 431
415 432
428 432
432 432
414 433
415 433
416 433
417 433
433 433
434 433
510 433
564 433
433 434
434 434
435 435
510 435
436 436
534 436
426 437
437 437
438 437
439 437
441 437
458 437
437 438
438 438
437 439
439 439
440 439
460 439
439 440
440 440
437 441
441 441
442 441
441 442
442 442
443 443
444 443
470 443
506 443
516 443
443 444
444 444
458 444
54 445
445 445
446 445
447 445
445 446
446 446
54 447
80 447
445 447
447 447
449 447
537 447
81 448
448 448
464 448
447 449
449 449
450 449
81 450
449 450
450 450
451 450
450 451
451 451
78 452
80 452
452 452
453 452
452 453
453 453
79 454
454 454
455 454
454 455
455 455
456 456
457 456
564 456
456 457
457 457
437 458
444 458
458 458
459 458
460 458
458 459
459 459
439 460
458 460
460 460
461 460
460 461
461 461
416 462
417 462
462 462
463 462
462 463
463 463
81 464
448 464
464 464
465 464
545 464
464 465
465 465
968 465
424 466
425 466
466 466
467 466
466 467
467 467
468 468
544 468
469 469
543 469
420 470
443 470
470 470
471 471
472 471
478 471
481 471
492 471
707 471
708 471
471 472
472 472
400 473
473 473
474 473
359 474
363 474
393 474
395 474
473 474
474 474
3 475
475 475
710 475
724 475
411 476
476 476
482 476
411 477
477 477
478 477
103 478
412 478
471 478
477 478
478 478
708 478
709 478
358 479
361 479
393 479
406 479
479 479
480 479
714 479
726 479
361 480
479 480
480 480
471 481
481 481
484 481
485 481
491 481
492 481
733 481
476 482
482 482
483 482
406 483
482 483
483 483
481 484
484 484
709 484
733 484
481 485
485 485
491 485
44 486
411 486
486 486
731 486
487 487
491 487
488 488
491 488
489 489
492 489
490 490
492 490
481 491
485 491
487 491
488 491
491 491
492 491
734 491
471 492
481 492
489 492
490 492
491 492
492 492
707 492
493 493
707 493
494 494
505 494
495 495
513 495
496 496
521 496
497 497
522 497
498 498
523 498
499 499
500 499
819 499
914 499
499 500
500 500
501 501
502 501
505 501
507 501
521 501
531 501
536 501
501 502
502 502
607 502
609 502
613 502
937 502
503 503
507 503
513 503
553 503
121 504
213 504
504 504
505 504
494 505
501 505
504 505
505 505
521 505
526 505
578 505
48 506
443 506
506 506
501 507
503 507
507 507
508 507
509 507
515 507
521 507
522 507
547 507
507 508
508 508
619 508
639 508
781 508
507 509
509 509
511 509
515 509
520 509
534 509
433 510
435 510
510 510
520 510
509 511
511 511
914 511
926 511
512 512
520 512
495 513
503 513
513 513
514 513
540 513
513 514
514 514
790 514
795 514
507 515
509 515
515 515
516 515
517 515
518 515
536 515
547 515
423 516
424 516
443 516
515 516
516 516
515 517
517 517
993 517
995 517
515 518
518 518
426 519
519 519
957 519
967 519
509 520
510 520
512 520
520 520
496 521
501 521
505 521
507 521
521 521
522 521
497 522
507 522
521 522
522 522
523 522
498 523
522 523
523 523
582 523
770 523
779 523
802 523
524 524
533 524
985 524
1001 524
525 525
568 525
505 526
526 526
527 526
531 526
526 527
527 527
921 527
933 527
1068 527
1073 527
1074 527
1124 527
528 528
529 528
809 528
819 528
528 529
529 529
530 530
578 530
583 530
780 530
797 530
803 530
501 531
526 531
531 531
532 531
534 531
531 532
532 532
554 532
647 532
652 532
663 532
668 532
672 532
673 532
677 532
908 532
912 532
918 532
1047 532
524 533
533 533
436 534
509 534
531 534
534 534
535 534
536 534
542 534
534 535
535 535
885 535
501 536
515 536
534 536
536 536
537 536
538 536
539 536
542 536
447 537
536 537
537 537
536 538
538 538
809 538
914 538
948 538
953 538
964 538
536 539
539 539
513 540
540 540
800 540
541 541
543 541
534 542
536 542
542 542
543 542
545 542
546 542
469 543
541 543
542 543
543 543
544 543
468 544
543 544
544 544
418 545
464 545
542 545
545 545
125 546
542 546
546 546
507 547
515 547
547 547
548 548
551 548
549 549
563 549
550 550
566 550
548 551
551 551
552 551
555 551
566 551
551 552
552 552
558 552
560 552
34 553
503 553
553 553
561 553
710 553
532 554
554 554
574 554
909 554
551 555
555 555
556 555
557 555
564 555
566 555
555 556
556 556
559 556
579 556
621 556
903 556
555 557
557 557
558 557
552 558
557 558
558 558
979 558
980 558
986 558
989 558
991 558
998 558
1000 558
556 559
559 559
579 559
552 560
560 560
980 560
553 561
561 561
562 561
566 561
561 562
562 562
563 562
1 563
2 563
549 563
562 563
563 563
567 563
433 564
456 564
555 564
564 564
565 565
567 565
11 566
550 566
551 566
555 566
561 566
566 566
567 566
563 567
565 567
566 567
567 567
525 568
568 568
773 568
795 568
569 569
785 569
570 570
579 570
571 571
776 571
572 572
783 572
573 573
796 573
554 574
574 574
575 575
581 575
576 576
582 576
784 576
577 577
786 577
802 577
1090 577
505 578
530 578
578 578
780 578
556 579
559 579
570 579
579 579
580 579
782 579
783 579
895 579
927 579
579 580
580 580
587 580
575 581
581 581
776 581
796 581
797 581
799 581
523 582
576 582
582 582
530 583
583 583
780 583
803 583
584 584
585 584
1068 584
584 585
585 585
607 585
613 585
659 585
586 586
597 586
580 587
587 587
598 587
614 587
588 588
595 588
597 588
589 589
591 589
590 590
595 590
616 590
589 591
591 591
601 591
592 592
611 592
593 593
604 593
594 594
600 594
588 595
590 595
595 595
596 596
597 596
603 596
607 596
586 597
588 597
596 597
597 597
587 598
598 598
599 599
1105 599
594 600
600 600
601 600
782 600
591 601
600 601
601 601
602 601
633 601
601 602
602 602
640 602
596 603
603 603
604 603
605 603
1092 603
593 604
603 604
604 604
612 604
615 604
603 605
605 605
607 605
606 606
610 606
502 607
585 607
596 607
605 607
607 607
608 608
610 608
1101 608
502 609
609 609
1068 609
606 610
608 610
610 610
592 611
611 611
615 611
604 612
612 612
502 613
585 613
613 613
587 614
614 614
604 615
611 615
615 615
590 616
616 616
617 617
1123 617
618 618
629 618
639 618
508 619
619 619
620 619
619 620
620 620
632 620
556 621
621 621
624 621
1061 621
622 622
625 622
641 622
623 623
639 623
642 623
621 624
624 624
638 624
622 625
625 625
635 625
626 626
634 626
635 626
627 627
639 627
628 628
631 628
642 628
618 629
629 629
637 629
643 629
630 630
631 630
635 630
796 630
628 631
630 631
631 631
620 632
632 632
634 632
641 632
601 633
633 633
626 634
632 634
634 634
625 635
626 635
630 635
635 635
636 635
635 636
636 636
1094 636
629 637
637 637
624 638
638 638
508 639
618 639
623 639
627 639
639 639
602 640
640 640
622 641
632 641
641 641
623 642
628 642
642 642
629 643
643 643
644 644
652 644
662 644
645 645
650 645
1060 645
646 646
664 646
1051 646
532 647
647 647
1041 647
648 648
678 648
1042 648
649 649
672 649
1055 649
645 650
650 650
653 650
651 651
670 651
1045 651
532 652
644 652
652 652
653 652
663 652
666 652
668 652
676 652
1054 652
650 653
652 653
653 653
1048 653
654 654
677 654
1057 654
655 655
657 655
665 655
656 656
678 656
655 657
657 657
1055 657
658 658
671 658
672 658
585 659
659 659
677 659
660 660
1050 660
1058 660
661 661
677 661
644 662
662 662
672 662
532 663
652 663
663 663
646 664
664 664
1056 664
655 665
665 665
682 665
652 666
666 666
681 666
667 667
1051 667
532 668
652 668
668 668
669 669
679 669
1058 669
651 670
670 670
1121 670
658 671
671 671
679 671
532 672
649 672
658 672
662 672
672 672
673 672
682 672
1049 672
1050 672
1052 672
1058 672
1121 672
532 673
672 673
673 673
674 674
675 674
1046 674
674 675
675 675
1050 675
652 676
676 676
1043 676
532 677
654 677
659 677
661 677
677 677
678 677
1041 677
1059 677
648 678
656 678
677 678
678 678
669 679
671 679
679 679
680 680
1047 680
1057 680
666 681
681 681
1053 681
665 682
672 682
682 682
683 683
689 683
684 684
689 684
685 685
691 685
112 686
686 686
687 686
688 686
686 687
687 687
686 688
688 688
689 688
694 688
699 688
700 688
702 688
683 689
684 689
688 689
689 689
693 689
113 690
690 690
691 690
694 690
697 690
685 691
690 691
691 691
692 691
695 691
691 692
692 692
689 693
693 693
695 693
688 694
690 694
694 694
695 694
691 695
693 695
694 695
695 695
300 696
696 696
690 697
697 697
698 697
697 698
698 698
366 699
688 699
699 699
700 699
688 700
699 700
700 700
111 701
701 701
237 702
688 702
702 702
145 703
703 703
96 704
318 704
704 704
96 705
705 705
706 706
707 706
471 707
492 707
493 707
706 707
707 707
726 707
471 708
478 708
708 708
709 708
412 709
478 709
484 709
708 709
709 709
35 710
475 710
553 710
710 710
36 711
711 711
724 711
734 711
712 712
714 712
713 713
714 713
362 714
401 714
479 714
712 714
713 714
714 714
715 714
734 714
360 715
714 715
715 715
396 716
397 716
406 716
716 716
717 716
396 717
397 717
406 717
716 717
717 717
718 718
724 718
719 719
724 719
720 720
724 720
721 721
724 721
722 722
724 722
723 723
724 723
8 724
412 724
475 724
711 724
718 724
719 724
720 724
721 724
722 724
723 724
724 724
725 724
734 724
100 725
724 725
725 725
479 726
707 726
726 726
727 727
728 727
731 727
727 728
728 728
731 728
729 729
730 729
731 729
729 730
730 730
731 730
410 731
486 731
727 731
728 731
729 731
730 731
731 731
100 732
732 732
481 733
484 733
733 733
491 734
711 734
714 734
724 734
734 734
735 735
743 735
736 736
742 736
737 737
743 737
738 738
742 738
739 739
744 739
135 740
740 740
741 740
742 740
744 740
740 741
741 741
749 741
759 741
132 742
736 742
738 742
740 742
742 742
743 742
143 743
161 743
222 743
735 743
737 743
742 743
743 743
746 743
739 744
740 744
744 744
756 744
143 745
745 745
746 745
743 746
745 746
746 746
747 747
748 747
758 747
747 748
748 748
757 748
741 749
749 749
753 749
750 750
751 750
759 750
750 751
751 751
752 752
757 752
762 752
749 753
753 753
754 754
757 754
765 754
172 755
755 755
764 755
744 756
756 756
757 756
748 757
752 757
754 757
756 757
757 757
747 758
758 758
741 759
750 759
759 759
760 760
761 760
137 761
760 761
761 761
766 761
767 761
752 762
762 762
763 762
762 763
763 763
755 764
764 764
754 765
765 765
761 766
766 766
768 766
761 767
767 767
766 768
768 768
769 768
772 768
768 769
769 769
523 770
770 770
823 770
771 771
772 771
768 772
771 772
772 772
568 773
773 773
774 773
795 773
801 773
802 773
773 774
774 774
775 775
776 775
781 775
571 776
581 776
775 776
776 776
781 776
796 776
797 776
1127 776
777 777
793 777
795 777
800 777
778 778
779 778
523 779
778 779
779 779
780 779
787 779
530 780
578 780
583 780
779 780
780 780
797 780
949 780
508 781
775 781
776 781
781 781
579 782
600 782
782 782
783 782
572 783
579 783
782 783
783 783
576 784
784 784
802 784
569 785
785 785
786 785
788 785
796 785
797 785
802 785
577 786
785 786
786 786
1128 786
779 787
787 787
949 787
785 788
788 788
789 788
796 788
1132 788
788 789
789 789
1094 789
514 790
790 790
791 790
795 790
790 791
791 791
792 792
799 792
1110 792
777 793
793 793
794 793
825 793
793 794
794 794
795 794
800 794
514 795
568 795
773 795
777 795
790 795
794 795
795 795
573 796
581 796
630 796
776 796
785 796
788 796
796 796
799 796
530 797
581 797
776 797
780 797
785 797
797 797
798 797
803 797
805 797
1119 797
797 798
798 798
1114 798
581 799
792 799
796 799
799 799
540 800
777 800
794 800
800 800
773 801
801 801
523 802
577 802
773 802
784 802
785 802
802 802
1137 802
530 803
583 803
797 803
803 803
804 803
803 804
804 804
797 805
805 805
1138 805
806 806
821 806
807 807
887 807
808 808
897 808
528 809
538 809
809 809
920 809
75 810
810 810
811 810
918 810
810 811
811 811
812 812
909 812
813 813
885 813
940 813
1122 813
814 814
815 814
909 814
918 814
814 815
815 815
816 816
817 816
927 816
816 817
817 817
818 817
907 817
817 818
818 818
499 819
528 819
819 819
820 819
819 820
820 820
806 821
821 821
888 821
897 821
921 821
822 822
880 822
885 822
935 822
770 823
823 823
824 824
825 824
793 825
824 825
825 825
143 826
826 826
144 827
827 827
828 828
837 828
838 828
874 828
140 829
829 829
833 829
839 829
140 830
830 830
833 830
840 830
831 831
841 831
869 831
832 832
842 832
869 832
829 833
830 833
833 833
843 833
834 834
844 834
874 834
835 835
845 835
862 835
836 836
846 836
869 836
828 837
837 837
828 838
838 838
859 838
860 838
829 839
839 839
830 840
840 840
831 841
841 841
832 842
842 842
833 843
843 843
834 844
844 844
835 845
845 845
836 846
846 846
847 847
848 847
847 848
848 848
873 848
849 849
854 849
863 849
864 849
850 850
855 850
873 850
851 851
856 851
858 851
852 852
857 852
869 852
853 853
876 853
849 854
854 854
850 855
855 855
851 856
856 856
852 857
857 857
851 858
858 858
873 858
838 859
859 859
838 860
860 860
861 860
860 861
861 861
835 862
862 862
863 862
849 863
862 863
863 863
869 863
849 864
864 864
865 864
869 864
864 865
865 865
866 866
869 866
877 866
867 867
878 867
868 868
869 868
871 868
877 868
831 869
832 869
836 869
852 869
863 869
864 869
866 869
868 869
869 869
870 869
869 870
870 870
871 870
877 870
868 871
870 871
871 871
872 872
882 872
848 873
850 873
858 873
873 873
882 873
828 874
834 874
874 874
878 874
875 875
876 875
882 875
853 876
875 876
876 876
138 877
866 877
868 877
870 877
877 877
878 877
883 877
867 878
874 878
877 878
878 878
879 879
882 879
822 880
880 880
881 881
882 881
138 882
872 882
873 882
875 882
879 882
881 882
882 882
877 883
883 883
884 884
937 884
1123 884
535 885
813 885
822 885
885 885
914 885
918 885
886 886
895 886
927 886
937 886
807 887
887 887
896 887
897 887
821 888
888 888
924 888
889 889
917 889
890 890
891 890
908 890
917 890
890 891
891 891
892 892
893 892
899 892
927 892
892 893
893 893
894 894
921 894
936 894
1126 894
579 895
886 895
895 895
1125 895
887 896
896 896
897 896
808 897
821 897
887 897
896 897
897 897
913 897
917 897
944 897
898 898
914 898
926 898
892 899
899 899
900 899
908 899
899 900
900 900
901 901
913 901
1129 901
902 902
906 902
556 903
903 903
987 903
904 904
905 904
939 904
944 904
904 905
905 905
902 906
906 906
922 906
939 906
817 907
907 907
923 907
532 908
890 908
899 908
908 908
912 908
917 908
927 908
554 909
812 909
814 909
909 909
910 909
909 910
910 910
911 911
912 911
532 912
908 912
911 912
912 912
897 913
901 913
913 913
499 914
511 914
538 914
885 914
898 914
914 914
935 914
938 914
963 914
915 915
926 915
916 916
991 916
889 917
890 917
897 917
908 917
917 917
918 917
930 917
75 918
532 918
810 918
814 918
885 918
917 918
918 918
919 918
1130 918
918 919
919 919
940 919
809 920
920 920
527 921
821 921
894 921
921 921
923 921
924 921
927 921
933 921
937 921
906 922
922 922
930 922
1133 922
907 923
921 923
923 923
888 924
921 924
924 924
925 924
924 925
925 925
511 926
898 926
915 926
926 926
579 927
816 927
886 927
892 927
908 927
921 927
927 927
928 927
937 927
927 928
928 928
929 928
937 928
928 929
929 929
917 930
922 930
930 930
931 930
930 931
931 931
932 932
949 932
527 933
921 933
933 933
934 933
942 933
933 934
934 934
822 935
914 935
935 935
947 935
894 936
936 936
937 936
1134 936
502 937
884 937
886 937
921 937
927 937
928 937
936 937
937 937
914 938
938 938
904 939
906 939
939 939
813 940
919 940
940 940
954 940
941 941
954 941
933 942
942 942
943 943
944 943
897 944
904 944
943 944
944 944
945 945
961 945
946 946
965 946
935 947
947 947
538 948
948 948
952 948
955 948
957 948
958 948
964 948
780 949
787 949
932 949
949 949
950 950
951 950
955 950
956 950
950 951
951 951
965 951
969 951
975 951
948 952
952 952
960 952
538 953
953 953
955 953
940 954
941 954
954 954
959 954
948 955
950 955
953 955
955 955
950 956
956 956
519 957
948 957
957 957
958 957
967 957
973 957
948 958
957 958
958 958
954 959
959 959
952 960
960 960
973 960
945 961
961 961
962 961
963 961
968 961
961 962
962 962
966 962
914 963
961 963
963 963
972 963
538 964
948 964
964 964
946 965
951 965
965 965
968 965
969 965
962 966
966 966
971 966
519 967
957 967
967 967
465 968
961 968
965 968
968 968
951 969
965 969
969 969
970 969
969 970
970 970
966 971
971 971
972 971
963 972
971 972
972 972
957 973
960 973
973 973
974 974
983 974
951 975
975 975
976 976
977 976
989 976
1001 976
976 977
977 977
978 978
989 978
558 979
979 979
983 979
558 980
560 980
980 980
981 981
982 981
984 981
998 981
981 982
982 982
974 983
979 983
983 983
986 983
981 984
984 984
524 985
985 985
987 985
989 985
558 986
983 986
986 986
903 987
985 987
987 987
999 987
988 988
993 988
995 988
558 989
976 989
978 989
985 989
989 989
990 989
989 990
990 990
558 991
916 991
991 991
992 991
991 992
992 992
517 993
988 993
993 993
994 993
993 994
994 994
517 995
988 995
995 995
997 995
998 995
996 996
997 996
995 997
996 997
997 997
998 997
558 998
981 998
995 998
997 998
998 998
987 999
999 999
558 1000
1000 1000
524 1001
976 1001
1001 1001
1002 1002
1027 1002
1003 1003
1035 1003
1004 1004
1032 1004
1005 1005
1039 1005
1006 1006
1007 1006
1013 1006
1019 1006
1021 1006
1030 1006
1035 1006
1006 1007
1007 1007
1008 1008
1023 1008
114 1009
1009 1009
1010 1009
1018 1009
1019 1009
1021 1009
1022 1009
1040 1009
1009 1010
1010 1010
1011 1011
1040 1011
1012 1012
1040 1012
1006 1013
1013 1013
1023 1013
1029 1013
1030 1013
1037 1013
1038 1013
1039 1013
1014 1014
1039 1014
1015 1015
1029 1015
1016 1016
1024 1016
1034 1016
1017 1017
1029 1017
1009 1018
1018 1018
1006 1019
1009 1019
1019 1019
1033 1019
1020 1020
1021 1020
1006 1021
1009 1021
1020 1021
1021 1021
1009 1022
1022 1022
1008 1023
1013 1023
1023 1023
1024 1023
1025 1023
1027 1023
1016 1024
1023 1024
1024 1024
1034 1024
1023 1025
1025 1025
1028 1025
224 1026
1026 1026
1027 1026
1002 1027
1023 1027
1026 1027
1027 1027
1028 1027
1035 1027
1025 1028
1027 1028
1028 1028
109 1029
1013 1029
1015 1029
1017 1029
1029 1029
1006 1030
1013 1030
1030 1030
1031 1030
1030 1031
1031 1031
1004 1032
1032 1032
1034 1032
1036 1032
1019 1033
1033 1033
1016 1034
1024 1034
1032 1034
1034 1034
1003 1035
1006 1035
1027 1035
1035 1035
1036 1035
1032 1036
1035 1036
1036 1036
1013 1037
1037 1037
1013 1038
1038 1038
1005 1039
1013 1039
1014 1039
1039 1039
1009 1040
1011 1040
1012 1040
1040 1040
647 1041
677 1041
1041 1041
648 1042
1042 1042
676 1043
1043 1043
1050 1043
1044 1044
1050 1044
1053 1044
651 1045
1045 1045
1047 1045
674 1046
1046 1046
1058 1046
532 1047
680 1047
1045 1047
1047 1047
653 1048
1048 1048
672 1049
1049 1049
1054 1049
77 1050
660 1050
672 1050
675 1050
1043 1050
1044 1050
1050 1050
1051 1050
1052 1050
646 1051
667 1051
1050 1051
1051 1051
1056 1051
672 1052
1050 1052
1052 1052
681 1053
1044 1053
1053 1053
652 1054
1049 1054
1054 1054
649 1055
657 1055
1055 1055
1056 1055
1058 1055
664 1056
1051 1056
1055 1056
1056 1056
654 1057
680 1057
1057 1057
660 1058
669 1058
672 1058
1046 1058
1055 1058
1058 1058
677 1059
1059 1059
1061 1059
645 1060
1060 1060
621 1061
1059 1061
1061 1061
1062 1062
1072 1062
1085 1062
70 1063
1063 1063
1074 1063
1064 1064
1075 1064
1087 1064
70 1065
1065 1065
1077 1065
1080 1065
1066 1066
1068 1066
1067 1067
1071 1067
527 1068
584 1068
609 1068
1066 1068
1068 1068
1069 1068
1092 1068
1068 1069
1069 1069
1086 1069
1070 1070
1077 1070
1113 1070
1067 1071
1071 1071
1088 1071
1062 1072
1072 1072
1075 1072
527 1073
1073 1073
1074 1073
70 1074
527 1074
1063 1074
1073 1074
1074 1074
1075 1074
1081 1074
1086 1074
1064 1075
1072 1075
1074 1075
1075 1075
1082 1075
1076 1076
1077 1076
1065 1077
1070 1077
1076 1077
1077 1077
1078 1077
1080 1077
1088 1077
1095 1077
1077 1078
1078 1078
1084 1078
1085 1078
1079 1079
1117 1079
1065 1080
1077 1080
1080 1080
1074 1081
1081 1081
1075 1082
1082 1082
1083 1083
1087 1083
1078 1084
1084 1084
1062 1085
1078 1085
1085 1085
1069 1086
1074 1086
1086 1086
1064 1087
1083 1087
1087 1087
1071 1088
1077 1088
1088 1088
1089 1089
1106 1089
1112 1089
577 1090
1090 1090
1091 1090
1090 1091
1091 1091
1093 1091
1108 1091
603 1092
1068 1092
1092 1092
1091 1093
1093 1093
1098 1093
636 1094
789 1094
1094 1094
65 1095
1077 1095
1095 1095
1096 1095
1100 1095
1105 1095
1113 1095
1095 1096
1096 1096
1103 1096
1107 1096
1112 1096
1097 1097
1100 1097
1093 1098
1098 1098
1099 1098
1098 1099
1099 1099
1095 1100
1097 1100
1100 1100
1101 1100
608 1101
1100 1101
1101 1101
1120 1101
1102 1102
1112 1102
1096 1103
1103 1103
1104 1104
1118 1104
1119 1104
599 1105
1095 1105
1105 1105
1089 1106
1106 1106
1109 1106
1096 1107
1107 1107
1091 1108
1108 1108
1106 1109
1109 1109
792 1110
1110 1110
1114 1110
1111 1111
1119 1111
1089 1112
1096 1112
1102 1112
1112 1112
1070 1113
1095 1113
1113 1113
798 1114
1110 1114
1114 1114
1115 1114
1116 1114
1114 1115
1115 1115
1114 1116
1116 1116
1079 1117
1117 1117
1120 1117
1104 1118
1118 1118
797 1119
1104 1119
1111 1119
1119 1119
1101 1120
1117 1120
1120 1120
670 1121
672 1121
1121 1121
813 1122
1122 1122
1136 1122
617 1123
884 1123
1123 1123
527 1124
1124 1124
1135 1124
895 1125
1125 1125
894 1126
1126 1126
776 1127
1127 1127
786 1128
1128 1128
901 1129
1129 1129
1135 1129
918 1130
1130 1130
1131 1131
1136 1131
788 1132
1132 1132
922 1133
1133 1133
936 1134
1134 1134
1124 1135
1129 1135
1135 1135
1122 1136
1131 1136
1136 1136
802 1137
1137 1137
805 1138
1138 1138
