0 1
0 2
1 3
1 4
2 5
2 6
3 7
3 8
4 9
4 10
5 11
5 12
6 13
6 14
7 15
7 16
8 17
8 18
9 19
9 20
10 21
10 22
11 23
11 24
12 25
12 26
13 27
13 28
14 29
14 30
15 31
15 32
16 33
16 34
17 35
17 36
18 37
18 38
19 39
19 40
20 41
20 42
21 43
21 44
22 45
22 46
23 47
23 48
24 49
24 50
25 51
25 52
26 53
26 54
27 55
27 56
28 57
28 58
29 59
29 60
30 61
30 62
31 63
31 64
32 65
32 66
33 67
33 68
34 69
34 70
35 71
35 72
36 73
36 74
37 75
37 76
38 77
38 78
39 79
39 80
40 81
40 82
41 83
41 84
42 85
42 86
43 87
43 88
44 89
44 90
45 91
45 92
46 93
46 94
47 95
47 96
48 97
48 98
49 99
49 100
50 101
50 102
51 103
51 104
52 105
52 106
53 107
53 108
54 109
54 110
55 111
55 112
56 113
56 114
57 115
57 116
58 117
58 118
59 119
59 120
60 121
60 122
61 123
61 124
62 125
62 126
63 127
63 128
64 129
64 130
65 131
65 132
66 133
66 134
67 135
67 136
68 137
68 138
69 139
69 140
70 141
70 142
71 143
71 144
72 145
72 146
73 147
73 148
74 149
74 150
75 151
75 152
76 153
76 154
77 155
77 156
78 157
78 158
79 159
79 160
80 161
80 162
81 163
81 164
82 165
82 166
83 167
83 168
84 169
84 170
85 171
85 172
86 173
86 174
87 175
87 176
88 177
88 178
89 179
89 180
90 181
90 182
91 183
91 184
92 185
92 186
93 187
93 188
94 189
94 190
95 191
95 192
96 193
96 194
97 195
97 196
98 197
98 198
99 199
99 200
100 201
100 202
101 203
101 204
102 205
102 206
103 207
103 208
104 209
104 210
105 211
105 212
106 213
106 214
107 215
107 216
108 217
108 218
109 219
109 220
110 221
110 222
111 223
111 224
112 225
112 226
113 227
113 228
114 229
114 230
115 231
115 232
116 233
116 234
117 235
117 236
118 237
118 238
119 239
119 240
120 241
120 242
121 243
121 244
122 245
122 246
123 247
123 248
124 249
124 250
125 251
125 252
126 253
126 254
127 255
127 256
128 257
128 258
129 259
129 260
130 261
130 262
131 263
131 264
132 265
132 266
133 267
133 268
134 269
134 270
135 271
135 272
136 273
136 274
137 275
137 276
138 277
138 278
139 279
139 280
140 281
140 282
141 283
141 284
142 285
142 286
143 287
143 288
144 289
144 290
145 291
145 292
146 293
146 294
147 295
147 296
148 297
148 298
149 299
149 300
150 301
150 302
151 303
151 304
152 305
152 306
153 307
153 308
154 309
154 310
155 311
155 312
156 313
156 314
157 315
157 316
158 317
158 318
159 319
159 320
160 321
160 322
161 323
161 324
162 325
162 326
163 327
163 328
164 329
164 330
165 331
165 332
166 333
166 334
167 335
167 336
168 337
168 338
169 339
169 340
170 341
170 342
171 343
171 344
172 345
172 346
173 347
173 348
174 349
174 350
175 351
175 352
176 353
176 354
177 355
177 356
178 357
178 358
179 359
179 360
180 361
180 362
181 363
181 364
182 365
182 366
183 367
183 368
184 369
184 370
185 371
185 372
186 373
186 374
187 375
187 376
188 377
188 378
189 379
189 380
190 381
190 382
191 383
191 384
192 385
192 386
193 387
193 388
194 389
194 390
195 391
195 392
196 393
196 394
197 395
197 396
198 397
198 398
199 399
199 400
200 401
200 402
201 403
201 404
202 405
202 406
203 407
203 408
204 409
204 410
205 411
205 412
206 413
206 414
207 415
207 416
208 417
208 418
209 419
209 420
210 421
210 422
211 423
211 424
212 425
212 426
213 427
213 428
214 429
214 430
215 431
215 432
216 433
216 434
217 435
217 436
218 437
218 438
219 439
219 440
220 441
220 442
221 443
221 444
222 445
222 446
223 447
223 448
224 449
224 450
225 451
225 452
226 453
226 454
227 455
227 456
228 457
228 458
229 459
229 460
230 461
230 462
231 463
231 464
232 465
232 466
233 467
233 468
234 469
234 470
235 471
235 472
236 473
236 474
237 475
237 476
238 477
238 478
239 479
239 480
240 481
240 482
241 483
241 484
242 485
242 486
243 487
243 488
244 489
244 490
245 491
245 492
246 493
246 494
247 495
247 496
248 497
248 498
249 499
249 500
250 501
250 502
251 503
251 504
252 505
252 506
253 507
253 508
254 509
254 510
255 511
255 512
256 513
256 514
257 515
257 516
258 517
258 518
259 519
259 520
260 521
260 522
261 523
261 524
262 525
262 526
263 527
263 528
264 529
264 530
265 531
265 532
266 533
266 534
267 535
267 536
268 537
268 538
269 539
269 540
270 541
270 542
271 543
271 544
272 545
272 546
273 547
273 548
274 549
274 550
275 551
275 552
276 553
276 554
277 555
277 556
278 557
278 558
279 559
279 560
280 561
280 562
281 563
281 564
282 565
282 566
283 567
283 568
284 569
284 570
285 571
285 572
286 573
286 574
287 575
287 576
288 577
288 578
289 579
289 580
290 581
290 582
291 583
291 584
292 585
292 586
293 587
293 588
294 589
294 590
295 591
295 592
296 593
296 594
297 595
297 596
298 597
298 598
299 599
299 600
300 601
300 602
301 603
301 604
302 605
302 606
303 607
303 608
304 609
304 610
305 611
305 612
306 613
306 614
307 615
307 616
308 617
308 618
309 619
309 620
310 621
310 622
311 623
311 624
312 625
312 626
313 627
313 628
314 629
314 630
315 631
315 632
316 633
316 634
317 635
317 636
318 637
318 638
319 639
319 640
320 641
320 642
321 643
321 644
322 645
322 646
323 647
323 648
324 649
324 650
325 651
325 652
326 653
326 654
327 655
327 656
328 657
328 658
329 659
329 660
330 661
330 662
331 663
331 664
332 665
332 666
333 667
333 668
334 669
334 670
335 671
335 672
336 673
336 674
337 675
337 676
338 677
338 678
339 679
339 680
340 681
340 682
341 683
341 684
342 685
342 686
343 687
343 688
344 689
344 690
345 691
345 692
346 693
346 694
347 695
347 696
348 697
348 698
349 699
349 700
350 701
350 702
351 703
351 704
352 705
352 706
353 707
353 708
354 709
354 710
355 711
355 712
356 713
356 714
357 715
357 716
358 717
358 718
359 719
359 720
360 721
360 722
361 723
361 724
362 725
362 726
363 727
363 728
364 729
364 730
365 731
365 732
366 733
366 734
367 735
367 736
368 737
368 738
369 739
369 740
370 741
370 742
371 743
371 744
372 745
372 746
373 747
373 748
374 749
374 750
375 751
375 752
376 753
376 754
377 755
377 756
378 757
378 758
379 759
379 760
380 761
380 762
381 763
381 764
382 765
382 766
383 767
383 768
384 769
384 770
385 771
385 772
386 773
386 774
387 775
387 776
388 777
388 778
389 779
389 780
390 781
390 782
391 783
391 784
392 785
392 786
393 787
393 788
394 789
394 790
395 791
395 792
396 793
396 794
397 795
397 796
398 797
398 798
399 799
399 800
400 801
400 802
401 803
401 804
402 805
402 806
403 807
403 808
404 809
404 810
405 811
405 812
406 813
406 814
407 815
407 816
408 817
408 818
409 819
409 820
410 821
410 822
411 823
411 824
412 825
412 826
413 827
413 828
414 829
414 830
415 831
415 832
416 833
416 834
417 835
417 836
418 837
418 838
419 839
419 840
420 841
420 842
421 843
421 844
422 845
422 846
423 847
423 848
424 849
424 850
425 851
425 852
426 853
426 854
427 855
427 856
428 857
428 858
429 859
429 860
430 861
430 862
431 863
431 864
432 865
432 866
433 867
433 868
434 869
434 870
435 871
435 872
436 873
436 874
437 875
437 876
438 877
438 878
439 879
439 880
440 881
440 882
441 883
441 884
442 885
442 886
443 887
443 888
444 889
444 890
445 891
445 892
446 893
446 894
447 895
447 896
448 897
448 898
449 899
449 900
450 901
450 902
451 903
451 904
452 905
452 906
453 907
453 908
454 909
454 910
455 911
455 912
456 913
456 914
457 915
457 916
458 917
458 918
459 919
459 920
460 921
460 922
461 923
461 924
462 925
462 926
463 927
463 928
464 929
464 930
465 931
465 932
466 933
466 934
467 935
467 936
468 937
468 938
469 939
469 940
470 941
470 942
471 943
471 944
472 945
472 946
473 947
473 948
474 949
474 950
475 951
475 952
476 953
476 954
477 955
477 956
478 957
478 958
479 959
479 960
480 961
480 962
481 963
481 964
482 965
482 966
483 967
483 968
484 969
484 970
485 971
485 972
486 973
486 974
487 975
487 976
488 977
488 978
489 979
489 980
490 981
490 982
491 983
491 984
492 985
492 986
493 987
493 988
494 989
494 990
495 991
495 992
496 993
496 994
497 995
497 996
498 997
498 998
499 999
499 1000
500 1001
500 1002
501 1003
501 1004
502 1005
502 1006
503 1007
503 1008
504 1009
504 1010
505 1011
505 1012
506 1013
506 1014
507 1015
507 1016
508 1017
508 1018
509 1019
509 1020
510 1021
510 1022
511 1023
511 1024
512 1025
512 1026
513 1027
513 1028
514 1029
514 1030
515 1031
515 1032
516 1033
516 1034
517 1035
517 1036
518 1037
518 1038
519 1039
519 1040
520 1041
520 1042
521 1043
521 1044
522 1045
522 1046
523 1047
523 1048
524 1049
524 1050
525 1051
525 1052
526 1053
526 1054
527 1055
527 1056
528 1057
528 1058
529 1059
529 1060
530 1061
530 1062
531 1063
531 1064
532 1065
532 1066
533 1067
533 1068
534 1069
534 1070
535 1071
535 1072
536 1073
536 1074
537 1075
537 1076
538 1077
538 1078
539 1079
539 1080
540 1081
540 1082
541 1083
541 1084
542 1085
542 1086
543 1087
543 1088
544 1089
544 1090
545 1091
545 1092
546 1093
546 1094
547 1095
547 1096
548 1097
548 1098
549 1099
549 1100
550 1101
550 1102
551 1103
551 1104
552 1105
552 1106
553 1107
553 1108
554 1109
554 1110
555 1111
555 1112
556 1113
556 1114
557 1115
557 1116
558 1117
558 1118
559 1119
559 1120
560 1121
560 1122
561 1123
561 1124
562 1125
562 1126
563 1127
563 1128
564 1129
564 1130
565 1131
565 1132
566 1133
566 1134
567 1135
567 1136
568 1137
568 1138
569 1139
569 1140
570 1141
570 1142
571 1143
571 1144
572 1145
572 1146
573 1147
573 1148
574 1149
574 1150
575 1151
575 1152
576 1153
576 1154
577 1155
577 1156
578 1157
578 1158
579 1159
579 1160
580 1161
580 1162
581 1163
581 1164
582 1165
582 1166
583 1167
583 1168
584 1169
584 1170
585 1171
585 1172
586 1173
586 1174
587 1175
587 1176
588 1177
588 1178
589 1179
589 1180
590 1181
590 1182
591 1183
591 1184
592 1185
592 1186
593 1187
593 1188
594 1189
594 1190
595 1191
595 1192
596 1193
596 1194
597 1195
597 1196
598 1197
598 1198
599 1199
599 1200
600 1201
600 1202
601 1203
601 1204
602 1205
602 1206
603 1207
603 1208
604 1209
604 1210
605 1211
605 1212
606 1213
606 1214
607 1215
607 1216
608 1217
608 1218
609 1219
609 1220
610 1221
610 1222
611 1223
611 1224
612 1225
612 1226
613 1227
613 1228
614 1229
614 1230
615 1231
615 1232
616 1233
616 1234
617 1235
617 1236
618 1237
618 1238
619 1239
619 1240
620 1241
620 1242
621 1243
621 1244
622 1245
622 1246
623 1247
623 1248
624 1249
624 1250
625 1251
625 1252
626 1253
626 1254
627 1255
627 1256
628 1257
628 1258
629 1259
629 1260
630 1261
630 1262
631 1263
631 1264
632 1265
632 1266
633 1267
633 1268
634 1269
634 1270
635 1271
635 1272
636 1273
636 1274
637 1275
637 1276
638 1277
638 1278
639 1279
639 1280
640 1281
640 1282
641 1283
641 1284
642 1285
642 1286
643 1287
643 1288
644 1289
644 1290
645 1291
645 1292
646 1293
646 1294
647 1295
647 1296
648 1297
648 1298
649 1299
649 1300
650 1301
650 1302
651 1303
651 1304
652 1305
652 1306
653 1307
653 1308
654 1309
654 1310
655 1311
655 1312
656 1313
656 1314
657 1315
657 1316
658 1317
658 1318
659 1319
659 1320
660 1321
660 1322
661 1323
661 1324
662 1325
662 1326
663 1327
663 1328
664 1329
664 1330
665 1331
665 1332
666 1333
666 1334
667 1335
667 1336
668 1337
668 1338
669 1339
669 1340
670 1341
670 1342
671 1343
671 1344
672 1345
672 1346
673 1347
673 1348
674 1349
674 1350
675 1351
675 1352
676 1353
676 1354
677 1355
677 1356
678 1357
678 1358
679 1359
679 1360
680 1361
680 1362
681 1363
681 1364
682 1365
682 1366
683 1367
683 1368
684 1369
684 1370
685 1371
685 1372
686 1373
686 1374
687 1375
687 1376
688 1377
688 1378
689 1379
689 1380
690 1381
690 1382
691 1383
691 1384
692 1385
692 1386
693 1387
693 1388
694 1389
694 1390
695 1391
695 1392
696 1393
696 1394
697 1395
697 1396
698 1397
698 1398
699 1399
699 1400
700 1401
700 1402
701 1403
701 1404
702 1405
702 1406
703 1407
703 1408
704 1409
704 1410
705 1411
705 1412
706 1413
706 1414
707 1415
707 1416
708 1417
708 1418
709 1419
709 1420
710 1421
710 1422
711 1423
711 1424
712 1425
712 1426
713 1427
713 1428
714 1429
714 1430
715 1431
715 1432
716 1433
716 1434
717 1435
717 1436
718 1437
718 1438
719 1439
719 1440
720 1441
720 1442
721 1443
721 1444
722 1445
722 1446
723 1447
723 1448
724 1449
724 1450
725 1451
725 1452
726 1453
726 1454
727 1455
727 1456
728 1457
728 1458
729 1459
729 1460
730 1461
730 1462
731 1463
731 1464
732 1465
732 1466
733 1467
733 1468
734 1469
734 1470
735 1471
735 1472
736 1473
736 1474
737 1475
737 1476
738 1477
738 1478
739 1479
739 1480
740 1481
740 1482
741 1483
741 1484
742 1485
742 1486
743 1487
743 1488
744 1489
744 1490
745 1491
745 1492
746 1493
746 1494
747 1495
747 1496
748 1497
748 1498
749 1499
749 1500
750 1501
750 1502
751 1503
751 1504
752 1505
752 1506
753 1507
753 1508
754 1509
754 1510
755 1511
755 1512
756 1513
756 1514
757 1515
757 1516
758 1517
758 1518
759 1519
759 1520
760 1521
760 1522
761 1523
761 1524
762 1525
762 1526
763 1527
763 1528
764 1529
764 1530
765 1531
765 1532
766 1533
766 1534
767 1535
767 1536
768 1537
768 1538
769 1539
769 1540
770 1541
770 1542
771 1543
771 1544
772 1545
772 1546
773 1547
773 1548
774 1549
774 1550
775 1551
775 1552
776 1553
776 1554
777 1555
777 1556
778 1557
778 1558
779 1559
779 1560
780 1561
780 1562
781 1563
781 1564
782 1565
782 1566
783 1567
783 1568
784 1569
784 1570
785 1571
785 1572
786 1573
786 1574
787 1575
787 1576
788 1577
788 1578
789 1579
789 1580
790 1581
790 1582
791 1583
791 1584
792 1585
792 1586
793 1587
793 1588
794 1589
794 1590
795 1591
795 1592
796 1593
796 1594
797 1595
797 1596
798 1597
798 1598
799 1599
799 1600
800 1601
800 1602
801 1603
801 1604
802 1605
802 1606
803 1607
803 1608
804 1609
804 1610
805 1611
805 1612
806 1613
806 1614
807 1615
807 1616
808 1617
808 1618
809 1619
809 1620
810 1621
810 1622
811 1623
811 1624
812 1625
812 1626
813 1627
813 1628
814 1629
814 1630
815 1631
815 1632
816 1633
816 1634
817 1635
817 1636
818 1637
818 1638
819 1639
819 1640
820 1641
820 1642
821 1643
821 1644
822 1645
822 1646
823 1647
823 1648
824 1649
824 1650
825 1651
825 1652
826 1653
826 1654
827 1655
827 1656
828 1657
828 1658
829 1659
829 1660
830 1661
830 1662
831 1663
831 1664
832 1665
832 1666
833 1667
833 1668
834 1669
834 1670
835 1671
835 1672
836 1673
836 1674
837 1675
837 1676
838 1677
838 1678
839 1679
839 1680
840 1681
840 1682
841 1683
841 1684
842 1685
842 1686
843 1687
843 1688
844 1689
844 1690
845 1691
845 1692
846 1693
846 1694
847 1695
847 1696
848 1697
848 1698
849 1699
849 1700
850 1701
850 1702
851 1703
851 1704
852 1705
852 1706
853 1707
853 1708
854 1709
854 1710
855 1711
855 1712
856 1713
856 1714
857 1715
857 1716
858 1717
858 1718
859 1719
859 1720
860 1721
860 1722
861 1723
861 1724
862 1725
862 1726
863 1727
863 1728
864 1729
864 1730
865 1731
865 1732
866 1733
866 1734
867 1735
867 1736
868 1737
868 1738
869 1739
869 1740
870 1741
870 1742
871 1743
871 1744
872 1745
872 1746
873 1747
873 1748
874 1749
874 1750
875 1751
875 1752
876 1753
876 1754
877 1755
877 1756
878 1757
878 1758
879 1759
879 1760
880 1761
880 1762
881 1763
881 1764
882 1765
882 1766
883 1767
883 1768
884 1769
884 1770
885 1771
885 1772
886 1773
886 1774
887 1775
887 1776
888 1777
888 1778
889 1779
889 1780
890 1781
890 1782
891 1783
891 1784
892 1785
892 1786
893 1787
893 1788
894 1789
894 1790
895 1791
895 1792
896 1793
896 1794
897 1795
897 1796
898 1797
898 1798
899 1799
899 1800
900 1801
900 1802
901 1803
901 1804
902 1805
902 1806
903 1807
903 1808
904 1809
904 1810
905 1811
905 1812
906 1813
906 1814
907 1815
907 1816
908 1817
908 1818
909 1819
909 1820
910 1821
910 1822
911 1823
911 1824
912 1825
912 1826
913 1827
913 1828
914 1829
914 1830
915 1831
915 1832
916 1833
916 1834
917 1835
917 1836
918 1837
918 1838
919 1839
919 1840
920 1841
920 1842
921 1843
921 1844
922 1845
922 1846
923 1847
923 1848
924 1849
924 1850
925 1851
925 1852
926 1853
926 1854
927 1855
927 1856
928 1857
928 1858
929 1859
929 1860
930 1861
930 1862
931 1863
931 1864
932 1865
932 1866
933 1867
933 1868
934 1869
934 1870
935 1871
935 1872
936 1873
936 1874
937 1875
937 1876
938 1877
938 1878
939 1879
939 1880
940 1881
940 1882
941 1883
941 1884
942 1885
942 1886
943 1887
943 1888
944 1889
944 1890
945 1891
945 1892
946 1893
946 1894
947 1895
947 1896
948 1897
948 1898
949 1899
949 1900
950 1901
950 1902
951 1903
951 1904
952 1905
952 1906
953 1907
953 1908
954 1909
954 1910
955 1911
955 1912
956 1913
956 1914
957 1915
957 1916
958 1917
958 1918
959 1919
959 1920
960 1921
960 1922
961 1923
961 1924
962 1925
962 1926
963 1927
963 1928
964 1929
964 1930
965 1931
965 1932
966 1933
966 1934
967 1935
967 1936
968 1937
968 1938
969 1939
969 1940
970 1941
970 1942
971 1943
971 1944
972 1945
972 1946
973 1947
973 1948
974 1949
974 1950
975 1951
975 1952
976 1953
976 1954
977 1955
977 1956
978 1957
978 1958
979 1959
979 1960
980 1961
980 1962
981 1963
981 1964
982 1965
982 1966
983 1967
983 1968
984 1969
984 1970
985 1971
985 1972
986 1973
986 1974
987 1975
987 1976
988 1977
988 1978
989 1979
989 1980
990 1981
990 1982
991 1983
991 1984
992 1985
992 1986
993 1987
993 1988
994 1989
994 1990
995 1991
995 1992
996 1993
996 1994
997 1995
997 1996
998 1997
998 1998
999 1999
999 2000
1000 2001
1000 2002
1001 2003
1001 2004
1002 2005
1002 2006
1003 2007
1003 2008
1004 2009
1004 2010
1005 2011
1005 2012
1006 2013
1006 2014
1007 2015
1007 2016
1008 2017
1008 2018
1009 2019
1009 2020
1010 2021
1010 2022
1011 2023
1011 2024
1012 2025
1012 2026
1013 2027
1013 2028
1014 2029
1014 2030
1015 2031
1015 2032
1016 2033
1016 2034
1017 2035
1017 2036
1018 2037
1018 2038
1019 2039
1019 2040
1020 2041
1020 2042
1021 2043
1021 2044
1022 2045
1022 2046
1023 2047
1023 2048
1024 2049
1024 2050
1025 2051
1025 2052
1026 2053
1026 2054
1027 2055
1027 2056
1028 2057
1028 2058
1029 2059
1029 2060
1030 2061
1030 2062
1031 2063
1031 2064
1032 2065
1032 2066
1033 2067
1033 2068
1034 2069
1034 2070
1035 2071
1035 2072
1036 2073
1036 2074
1037 2075
1037 2076
1038 2077
1038 2078
1039 2079
1039 2080
1040 2081
1040 2082
1041 2083
1041 2084
1042 2085
1042 2086
1043 2087
1043 2088
1044 2089
1044 2090
1045 2091
1045 2092
1046 2093
1046 2094
1047 2095
1047 2096
1048 2097
1048 2098
1049 2099
1049 2100
1050 2101
1050 2102
1051 2103
1051 2104
1052 2105
1052 2106
1053 2107
1053 2108
1054 2109
1054 2110
1055 2111
1055 2112
1056 2113
1056 2114
1057 2115
1057 2116
1058 2117
1058 2118
1059 2119
1059 2120
1060 2121
1060 2122
1061 2123
1061 2124
1062 2125
1062 2126
1063 2127
1063 2128
1064 2129
1064 2130
1065 2131
1065 2132
1066 2133
1066 2134
1067 2135
1067 2136
1068 2137
1068 2138
1069 2139
1069 2140
1070 2141
1070 2142
1071 2143
1071 2144
1072 2145
1072 2146
1073 2147
1073 2148
1074 2149
1074 2150
1075 2151
1075 2152
1076 2153
1076 2154
1077 2155
1077 2156
1078 2157
1078 2158
1079 2159
1079 2160
1080 2161
1080 2162
1081 2163
1081 2164
1082 2165
1082 2166
1083 2167
1083 2168
1084 2169
1084 2170
1085 2171
1085 2172
1086 2173
1086 2174
1087 2175
1087 2176
1088 2177
1088 2178
1089 2179
1089 2180
1090 2181
1090 2182
1091 2183
1091 2184
1092 2185
1092 2186
1093 2187
1093 2188
1094 2189
1094 2190
1095 2191
1095 2192
1096 2193
1096 2194
1097 2195
1097 2196
1098 2197
1098 2198
1099 2199
1099 2200
1100 2201
1100 2202
1101 2203
1101 2204
1102 2205
1102 2206
1103 2207
1103 2208
1104 2209
1104 2210
1105 2211
1105 2212
1106 2213
1106 2214
1107 2215
1107 2216
1108 2217
1108 2218
1109 2219
1109 2220
1110 2221
1110 2222
1111 2223
1111 2224
1112 2225
1112 2226
1113 2227
1113 2228
1114 2229
1114 2230
1115 2231
1115 2232
1116 2233
1116 2234
1117 2235
1117 2236
1118 2237
1118 2238
1119 2239
1119 2240
1120 2241
1120 2242
1121 2243
1121 2244
1122 2245
1122 2246
1123 2247
1123 2248
1124 2249
1124 2250
1125 2251
1125 2252
1126 2253
1126 2254
1127 2255
1127 2256
1128 2257
1128 2258
1129 2259
1129 2260
1130 2261
1130 2262
1131 2263
1131 2264
1132 2265
1132 2266
1133 2267
1133 2268
1134 2269
1134 2270
1135 2271
1135 2272
1136 2273
1136 2274
1137 2275
1137 2276
1138 2277
1138 2278
1139 2279
1139 2280
1140 2281
1140 2282
1141 2283
1141 2284
1142 2285
1142 2286
1143 2287
1143 2288
1144 2289
1144 2290
1145 2291
1145 2292
1146 2293
1146 2294
1147 2295
1147 2296
1148 2297
1148 2298
1149 2299
1149 2300
1150 2301
1150 2302
1151 2303
1151 2304
1152 2305
1152 2306
1153 2307
1153 2308
1154 2309
1154 2310
1155 2311
1155 2312
1156 2313
1156 2314
1157 2315
1157 2316
1158 2317
1158 2318
1159 2319
1159 2320
1160 2321
1160 2322
1161 2323
1161 2324
1162 2325
1162 2326
1163 2327
1163 2328
1164 2329
1164 2330
1165 2331
1165 2332
1166 2333
1166 2334
1167 2335
1167 2336
1168 2337
1168 2338
1169 2339
1169 2340
1170 2341
1170 2342
1171 2343
1171 2344
1172 2345
1172 2346
1173 2347
1173 2348
1174 2349
1174 2350
1175 2351
1175 2352
1176 2353
1176 2354
1177 2355
1177 2356
1178 2357
1178 2358
1179 2359
1179 2360
1180 2361
1180 2362
1181 2363
1181 2364
1182 2365
1182 2366
1183 2367
1183 2368
1184 2369
1184 2370
1185 2371
1185 2372
1186 2373
1186 2374
1187 2375
1187 2376
1188 2377
1188 2378
1189 2379
1189 2380
1190 2381
1190 2382
1191 2383
1191 2384
1192 2385
1192 2386
1193 2387
1193 2388
1194 2389
1194 2390
1195 2391
1195 2392
1196 2393
1196 2394
1197 2395
1197 2396
1198 2397
1198 2398
1199 2399
1199 2400
1200 2401
1200 2402
1201 2403
1201 2404
1202 2405
1202 2406
1203 2407
1203 2408
1204 2409
1204 2410
1205 2411
1205 2412
1206 2413
1206 2414
1207 2415
1207 2416
1208 2417
1208 2418
1209 2419
1209 2420
1210 2421
1210 2422
1211 2423
1211 2424
1212 2425
1212 2426
1213 2427
1213 2428
1214 2429
1214 2430
1215 2431
1215 2432
1216 2433
1216 2434
1217 2435
1217 2436
1218 2437
1218 2438
1219 2439
1219 2440
1220 2441
1220 2442
1221 2443
1221 2444
1222 2445
1222 2446
1223 2447
1223 2448
1224 2449
1224 2450
1225 2451
1225 2452
1226 2453
1226 2454
1227 2455
1227 2456
1228 2457
1228 2458
1229 2459
1229 2460
1230 2461
1230 2462
1231 2463
1231 2464
1232 2465
1232 2466
1233 2467
1233 2468
1234 2469
1234 2470
1235 2471
1235 2472
1236 2473
1236 2474
1237 2475
1237 2476
1238 2477
1238 2478
1239 2479
1239 2480
1240 2481
1240 2482
1241 2483
1241 2484
1242 2485
1242 2486
1243 2487
1243 2488
1244 2489
1244 2490
1245 2491
1245 2492
1246 2493
1246 2494
1247 2495
1247 2496
1248 2497
1248 2498
1249 2499
1249 2500
1250 2501
1250 2502
1251 2503
1251 2504
1252 2505
1252 2506
1253 2507
1253 2508
1254 2509
1254 2510
1255 2511
1255 2512
1256 2513
1256 2514
1257 2515
1257 2516
1258 2517
1258 2518
1259 2519
1259 2520
1260 2521
1260 2522
1261 2523
1261 2524
1262 2525
1262 2526
1263 2527
1263 2528
1264 2529
1264 2530
1265 2531
1265 2532
1266 2533
1266 2534
1267 2535
1267 2536
1268 2537
1268 2538
1269 2539
1269 2540
1270 2541
1270 2542
1271 2543
1271 2544
1272 2545
1272 2546
1273 2547
1273 2548
1274 2549
1274 2550
1275 2551
1275 2552
1276 2553
1276 2554
1277 2555
1277 2556
1278 2557
1278 2558
1279 2559
1279 2560
1280 2561
1280 2562
1281 2563
1281 2564
1282 2565
1282 2566
1283 2567
1283 2568
1284 2569
1284 2570
1285 2571
1285 2572
1286 2573
1286 2574
1287 2575
1287 2576
1288 2577
1288 2578
1289 2579
1289 2580
1290 2581
1290 2582
1291 2583
1291 2584
1292 2585
1292 2586
1293 2587
1293 2588
1294 2589
1294 2590
1295 2591
1295 2592
1296 2593
1296 2594
1297 2595
1297 2596
1298 2597
1298 2598
1299 2599
1299 2600
1300 2601
1300 2602
1301 2603
1301 2604
1302 2605
1302 2606
1303 2607
1303 2608
1304 2609
1304 2610
1305 2611
1305 2612
1306 2613
1306 2614
1307 2615
1307 2616
1308 2617
1308 2618
1309 2619
1309 2620
1310 2621
1310 2622
1311 2623
1311 2624
1312 2625
1312 2626
1313 2627
1313 2628
1314 2629
1314 2630
1315 2631
1315 2632
1316 2633
1316 2634
1317 2635
1317 2636
1318 2637
1318 2638
1319 2639
1319 2640
1320 2641
1320 2642
1321 2643
1321 2644
1322 2645
1322 2646
1323 2647
1323 2648
1324 2649
1324 2650
1325 2651
1325 2652
1326 2653
1326 2654
1327 2655
1327 2656
1328 2657
1328 2658
1329 2659
1329 2660
1330 2661
1330 2662
1331 2663
1331 2664
1332 2665
1332 2666
1333 2667
1333 2668
1334 2669
1334 2670
1335 2671
1335 2672
1336 2673
1336 2674
1337 2675
1337 2676
1338 2677
1338 2678
1339 2679
1339 2680
1340 2681
1340 2682
1341 2683
1341 2684
1342 2685
1342 2686
1343 2687
1343 2688
1344 2689
1344 2690
1345 2691
1345 2692
1346 2693
1346 2694
1347 2695
1347 2696
1348 2697
1348 2698
1349 2699
1349 2700
1350 2701
1350 2702
1351 2703
1351 2704
1352 2705
1352 2706
1353 2707
1353 2708
1354 2709
1354 2710
1355 2711
1355 2712
1356 2713
1356 2714
1357 2715
1357 2716
1358 2717
1358 2718
1359 2719
1359 2720
1360 2721
1360 2722
1361 2723
1361 2724
1362 2725
1362 2726
1363 2727
1363 2728
1364 2729
1364 2730
1365 2731
1365 2732
1366 2733
1366 2734
1367 2735
1367 2736
1368 2737
1368 2738
1369 2739
1369 2740
1370 2741
1370 2742
1371 2743
1371 2744
1372 2745
1372 2746
1373 2747
1373 2748
1374 2749
1374 2750
1375 2751
1375 2752
1376 2753
1376 2754
1377 2755
1377 2756
1378 2757
1378 2758
1379 2759
1379 2760
1380 2761
1380 2762
1381 2763
1381 2764
1382 2765
1382 2766
1383 2767
1383 2768
1384 2769
1384 2770
1385 2771
1385 2772
1386 2773
1386 2774
1387 2775
1387 2776
1388 2777
1388 2778
1389 2779
1389 2780
1390 2781
1390 2782
1391 2783
1391 2784
1392 2785
1392 2786
1393 2787
1393 2788
1394 2789
1394 2790
1395 2791
1395 2792
1396 2793
1396 2794
1397 2795
1397 2796
1398 2797
1398 2798
1399 2799
1399 2800
1400 2801
1400 2802
1401 2803
1401 2804
1402 2805
1402 2806
1403 2807
1403 2808
1404 2809
1404 2810
1405 2811
1405 2812
1406 2813
1406 2814
1407 2815
1407 2816
1408 2817
1408 2818
1409 2819
1409 2820
1410 2821
1410 2822
1411 2823
1411 2824
1412 2825
1412 2826
1413 2827
1413 2828
1414 2829
1414 2830
1415 2831
1415 2832
1416 2833
1416 2834
1417 2835
1417 2836
1418 2837
1418 2838
1419 2839
1419 2840
1420 2841
1420 2842
1421 2843
1421 2844
1422 2845
1422 2846
1423 2847
1423 2848
1424 2849
1424 2850
1425 2851
1425 2852
1426 2853
1426 2854
1427 2855
1427 2856
1428 2857
1428 2858
1429 2859
1429 2860
1430 2861
1430 2862
1431 2863
1431 2864
1432 2865
1432 2866
1433 2867
1433 2868
1434 2869
1434 2870
1435 2871
1435 2872
1436 2873
1436 2874
1437 2875
1437 2876
1438 2877
1438 2878
1439 2879
1439 2880
1440 2881
1440 2882
1441 2883
1441 2884
1442 2885
1442 2886
1443 2887
1443 2888
1444 2889
1444 2890
1445 2891
1445 2892
1446 2893
1446 2894
1447 2895
1447 2896
1448 2897
1448 2898
1449 2899
1449 2900
1450 2901
1450 2902
1451 2903
1451 2904
1452 2905
1452 2906
1453 2907
1453 2908
1454 2909
1454 2910
1455 2911
1455 2912
1456 2913
1456 2914
1457 2915
1457 2916
1458 2917
1458 2918
1459 2919
1459 2920
1460 2921
1460 2922
1461 2923
1461 2924
1462 2925
1462 2926
1463 2927
1463 2928
1464 2929
1464 2930
1465 2931
1465 2932
1466 2933
1466 2934
1467 2935
1467 2936
1468 2937
1468 2938
1469 2939
1469 2940
1470 2941
1470 2942
1471 2943
1471 2944
1472 2945
1472 2946
1473 2947
1473 2948
1474 2949
1474 2950
1475 2951
1475 2952
1476 2953
1476 2954
1477 2955
1477 2956
1478 2957
1478 2958
1479 2959
1479 2960
1480 2961
1480 2962
1481 2963
1481 2964
1482 2965
1482 2966
1483 2967
1483 2968
1484 2969
1484 2970
1485 2971
1485 2972
1486 2973
1486 2974
1487 2975
1487 2976
1488 2977
1488 2978
1489 2979
1489 2980
1490 2981
1490 2982
1491 2983
1491 2984
1492 2985
1492 2986
1493 2987
1493 2988
1494 2989
1494 2990
1495 2991
1495 2992
1496 2993
1496 2994
1497 2995
1497 2996
1498 2997
1498 2998
1499 2999
1499 3000
1500 3001
1500 3002
1501 3003
1501 3004
1502 3005
1502 3006
1503 3007
1503 3008
1504 3009
1504 3010
1505 3011
1505 3012
1506 3013
1506 3014
1507 3015
1507 3016
1508 3017
1508 3018
1509 3019
1509 3020
1510 3021
1510 3022
1511 3023
1511 3024
1512 3025
1512 3026
1513 3027
1513 3028
1514 3029
1514 3030
1515 3031
1515 3032
1516 3033
1516 3034
1517 3035
1517 3036
1518 3037
1518 3038
1519 3039
1519 3040
1520 3041
1520 3042
1521 3043
1521 3044
1522 3045
1522 3046
1523 3047
1523 3048
1524 3049
1524 3050
1525 3051
1525 3052
1526 3053
1526 3054
1527 3055
1527 3056
1528 3057
1528 3058
1529 3059
1529 3060
1530 3061
1530 3062
1531 3063
1531 3064
1532 3065
1532 3066
1533 3067
1533 3068
1534 3069
1534 3070
1535 3071
1535 3072
1536 3073
1536 3074
1537 3075
1537 3076
1538 3077
1538 3078
1539 3079
1539 3080
1540 3081
1540 3082
1541 3083
1541 3084
1542 3085
1542 3086
1543 3087
1543 3088
1544 3089
1544 3090
1545 3091
1545 3092
1546 3093
1546 3094
1547 3095
1547 3096
1548 3097
1548 3098
1549 3099
1549 3100
1550 3101
1550 3102
1551 3103
1551 3104
1552 3105
1552 3106
1553 3107
1553 3108
1554 3109
1554 3110
1555 3111
1555 3112
1556 3113
1556 3114
1557 3115
1557 3116
1558 3117
1558 3118
1559 3119
1559 3120
1560 3121
1560 3122
1561 3123
1561 3124
1562 3125
1562 3126
1563 3127
1563 3128
1564 3129
1564 3130
1565 3131
1565 3132
1566 3133
1566 3134
1567 3135
1567 3136
1568 3137
1568 3138
1569 3139
1569 3140
1570 3141
1570 3142
1571 3143
1571 3144
1572 3145
1572 3146
1573 3147
1573 3148
1574 3149
1574 3150
1575 3151
1575 3152
1576 3153
1576 3154
1577 3155
1577 3156
1578 3157
1578 3158
1579 3159
1579 3160
1580 3161
1580 3162
1581 3163
1581 3164
1582 3165
1582 3166
1583 3167
1583 3168
1584 3169
1584 3170
1585 3171
1585 3172
1586 3173
1586 3174
1587 3175
1587 3176
1588 3177
1588 3178
1589 3179
1589 3180
1590 3181
1590 3182
1591 3183
1591 3184
1592 3185
1592 3186
1593 3187
1593 3188
1594 3189
1594 3190
1595 3191
1595 3192
1596 3193
1596 3194
1597 3195
1597 3196
1598 3197
1598 3198
1599 3199
1599 3200
1600 3201
1600 3202
1601 3203
1601 3204
1602 3205
1602 3206
1603 3207
1603 3208
1604 3209
1604 3210
1605 3211
1605 3212
1606 3213
1606 3214
1607 3215
1607 3216
1608 3217
1608 3218
1609 3219
1609 3220
1610 3221
1610 3222
1611 3223
1611 3224
1612 3225
1612 3226
1613 3227
1613 3228
1614 3229
1614 3230
1615 3231
1615 3232
1616 3233
1616 3234
1617 3235
1617 3236
1618 3237
1618 3238
1619 3239
1619 3240
1620 3241
1620 3242
1621 3243
1621 3244
1622 3245
1622 3246
1623 3247
1623 3248
1624 3249
1624 3250
1625 3251
1625 3252
1626 3253
1626 3254
1627 3255
1627 3256
1628 3257
1628 3258
1629 3259
1629 3260
1630 3261
1630 3262
1631 3263
1631 3264
1632 3265
1632 3266
1633 3267
1633 3268
1634 3269
1634 3270
1635 3271
1635 3272
1636 3273
1636 3274
1637 3275
1637 3276
1638 3277
1638 3278
1639 3279
1639 3280
1640 3281
1640 3282
1641 3283
1641 3284
1642 3285
1642 3286
1643 3287
1643 3288
1644 3289
1644 3290
1645 3291
1645 3292
1646 3293
1646 3294
1647 3295
1647 3296
1648 3297
1648 3298
1649 3299
1649 3300
1650 3301
1650 3302
1651 3303
1651 3304
1652 3305
1652 3306
1653 3307
1653 3308
1654 3309
1654 3310
1655 3311
1655 3312
1656 3313
1656 3314
1657 3315
1657 3316
1658 3317
1658 3318
1659 3319
1659 3320
1660 3321
1660 3322
1661 3323
1661 3324
1662 3325
1662 3326
1663 3327
1663 3328
1664 3329
1664 3330
1665 3331
1665 3332
1666 3333
1666 3334
1667 3335
1667 3336
1668 3337
1668 3338
1669 3339
1669 3340
1670 3341
1670 3342
1671 3343
1671 3344
1672 3345
1672 3346
1673 3347
1673 3348
1674 3349
1674 3350
1675 3351
1675 3352
1676 3353
1676 3354
1677 3355
1677 3356
1678 3357
1678 3358
1679 3359
1679 3360
1680 3361
1680 3362
1681 3363
1681 3364
1682 3365
1682 3366
1683 3367
1683 3368
1684 3369
1684 3370
1685 3371
1685 3372
1686 3373
1686 3374
1687 3375
1687 3376
1688 3377
1688 3378
1689 3379
1689 3380
1690 3381
1690 3382
1691 3383
1691 3384
1692 3385
1692 3386
1693 3387
1693 3388
1694 3389
1694 3390
1695 3391
1695 3392
1696 3393
1696 3394
1697 3395
1697 3396
1698 3397
1698 3398
1699 3399
1699 3400
1700 3401
1700 3402
1701 3403
1701 3404
1702 3405
1702 3406
1703 3407
1703 3408
1704 3409
1704 3410
1705 3411
1705 3412
1706 3413
1706 3414
1707 3415
1707 3416
1708 3417
1708 3418
1709 3419
1709 3420
1710 3421
1710 3422
1711 3423
1711 3424
1712 3425
1712 3426
1713 3427
1713 3428
1714 3429
1714 3430
1715 3431
1715 3432
1716 3433
1716 3434
1717 3435
1717 3436
1718 3437
1718 3438
1719 3439
1719 3440
1720 3441
1720 3442
1721 3443
1721 3444
1722 3445
1722 3446
1723 3447
1723 3448
1724 3449
1724 3450
1725 3451
1725 3452
1726 3453
1726 3454
1727 3455
1727 3456
1728 3457
1728 3458
1729 3459
1729 3460
1730 3461
1730 3462
1731 3463
1731 3464
1732 3465
1732 3466
1733 3467
1733 3468
1734 3469
1734 3470
1735 3471
1735 3472
1736 3473
1736 3474
1737 3475
1737 3476
1738 3477
1738 3478
1739 3479
1739 3480
1740 3481
1740 3482
1741 3483
1741 3484
1742 3485
1742 3486
1743 3487
1743 3488
1744 3489
1744 3490
1745 3491
1745 3492
1746 3493
1746 3494
1747 3495
1747 3496
1748 3497
1748 3498
1749 3499
1749 3500
1750 3501
1750 3502
1751 3503
1751 3504
1752 3505
1752 3506
1753 3507
1753 3508
1754 3509
1754 3510
1755 3511
1755 3512
1756 3513
1756 3514
1757 3515
1757 3516
1758 3517
1758 3518
1759 3519
1759 3520
1760 3521
1760 3522
1761 3523
1761 3524
1762 3525
1762 3526
1763 3527
1763 3528
1764 3529
1764 3530
1765 3531
1765 3532
1766 3533
1766 3534
1767 3535
1767 3536
1768 3537
1768 3538
1769 3539
1769 3540
1770 3541
1770 3542
1771 3543
1771 3544
1772 3545
1772 3546
1773 3547
1773 3548
1774 3549
1774 3550
1775 3551
1775 3552
1776 3553
1776 3554
1777 3555
1777 3556
1778 3557
1778 3558
1779 3559
1779 3560
1780 3561
1780 3562
1781 3563
1781 3564
1782 3565
1782 3566
1783 3567
1783 3568
1784 3569
1784 3570
1785 3571
1785 3572
1786 3573
1786 3574
1787 3575
1787 3576
1788 3577
1788 3578
1789 3579
1789 3580
1790 3581
1790 3582
1791 3583
1791 3584
1792 3585
1792 3586
1793 3587
1793 3588
1794 3589
1794 3590
1795 3591
1795 3592
1796 3593
1796 3594
1797 3595
1797 3596
1798 3597
1798 3598
1799 3599
1799 3600
1800 3601
1800 3602
1801 3603
1801 3604
1802 3605
1802 3606
1803 3607
1803 3608
1804 3609
1804 3610
1805 3611
1805 3612
1806 3613
1806 3614
1807 3615
1807 3616
1808 3617
1808 3618
1809 3619
1809 3620
1810 3621
1810 3622
1811 3623
1811 3624
1812 3625
1812 3626
1813 3627
1813 3628
1814 3629
1814 3630
1815 3631
1815 3632
1816 3633
1816 3634
1817 3635
1817 3636
1818 3637
1818 3638
1819 3639
1819 3640
1820 3641
1820 3642
1821 3643
1821 3644
1822 3645
1822 3646
1823 3647
1823 3648
1824 3649
1824 3650
1825 3651
1825 3652
1826 3653
1826 3654
1827 3655
1827 3656
1828 3657
1828 3658
1829 3659
1829 3660
1830 3661
1830 3662
1831 3663
1831 3664
1832 3665
1832 3666
1833 3667
1833 3668
1834 3669
1834 3670
1835 3671
1835 3672
1836 3673
1836 3674
1837 3675
1837 3676
1838 3677
1838 3678
1839 3679
1839 3680
1840 3681
1840 3682
1841 3683
1841 3684
1842 3685
1842 3686
1843 3687
1843 3688
1844 3689
1844 3690
1845 3691
1845 3692
1846 3693
1846 3694
1847 3695
1847 3696
1848 3697
1848 3698
1849 3699
1849 3700
1850 3701
1850 3702
1851 3703
1851 3704
1852 3705
1852 3706
1853 3707
1853 3708
1854 3709
1854 3710
1855 3711
1855 3712
1856 3713
1856 3714
1857 3715
1857 3716
1858 3717
1858 3718
1859 3719
1859 3720
1860 3721
1860 3722
1861 3723
1861 3724
1862 3725
1862 3726
1863 3727
1863 3728
1864 3729
1864 3730
1865 3731
1865 3732
1866 3733
1866 3734
1867 3735
1867 3736
1868 3737
1868 3738
1869 3739
1869 3740
1870 3741
1870 3742
1871 3743
1871 3744
1872 3745
1872 3746
1873 3747
1873 3748
1874 3749
1874 3750
1875 3751
1875 3752
1876 3753
1876 3754
1877 3755
1877 3756
1878 3757
1878 3758
1879 3759
1879 3760
1880 3761
1880 3762
1881 3763
1881 3764
1882 3765
1882 3766
1883 3767
1883 3768
1884 3769
1884 3770
1885 3771
1885 3772
1886 3773
1886 3774
1887 3775
1887 3776
1888 3777
1888 3778
1889 3779
1889 3780
1890 3781
1890 3782
1891 3783
1891 3784
1892 3785
1892 3786
1893 3787
1893 3788
1894 3789
1894 3790
1895 3791
1895 3792
1896 3793
1896 3794
1897 3795
1897 3796
1898 3797
1898 3798
1899 3799
1899 3800
1900 3801
1900 3802
1901 3803
1901 3804
1902 3805
1902 3806
1903 3807
1903 3808
1904 3809
1904 3810
1905 3811
1905 3812
1906 3813
1906 3814
1907 3815
1907 3816
1908 3817
1908 3818
1909 3819
1909 3820
1910 3821
1910 3822
1911 3823
1911 3824
1912 3825
1912 3826
1913 3827
1913 3828
1914 3829
1914 3830
1915 3831
1915 3832
1916 3833
1916 3834
1917 3835
1917 3836
1918 3837
1918 3838
1919 3839
1919 3840
1920 3841
1920 3842
1921 3843
1921 3844
1922 3845
1922 3846
1923 3847
1923 3848
1924 3849
1924 3850
1925 3851
1925 3852
1926 3853
1926 3854
1927 3855
1927 3856
1928 3857
1928 3858
1929 3859
1929 3860
1930 3861
1930 3862
1931 3863
1931 3864
1932 3865
1932 3866
1933 3867
1933 3868
1934 3869
1934 3870
1935 3871
1935 3872
1936 3873
1936 3874
1937 3875
1937 3876
1938 3877
1938 3878
1939 3879
1939 3880
1940 3881
1940 3882
1941 3883
1941 3884
1942 3885
1942 3886
1943 3887
1943 3888
1944 3889
1944 3890
1945 3891
1945 3892
1946 3893
1946 3894
1947 3895
1947 3896
1948 3897
1948 3898
1949 3899
1949 3900
1950 3901
1950 3902
1951 3903
1951 3904
1952 3905
1952 3906
1953 3907
1953 3908
1954 3909
1954 3910
1955 3911
1955 3912
1956 3913
1956 3914
1957 3915
1957 3916
1958 3917
1958 3918
1959 3919
1959 3920
1960 3921
1960 3922
1961 3923
1961 3924
1962 3925
1962 3926
1963 3927
1963 3928
1964 3929
1964 3930
1965 3931
1965 3932
1966 3933
1966 3934
1967 3935
1967 3936
1968 3937
1968 3938
1969 3939
1969 3940
1970 3941
1970 3942
1971 3943
1971 3944
1972 3945
1972 3946
1973 3947
1973 3948
1974 3949
1974 3950
1975 3951
1975 3952
1976 3953
1976 3954
1977 3955
1977 3956
1978 3957
1978 3958
1979 3959
1979 3960
1980 3961
1980 3962
1981 3963
1981 3964
1982 3965
1982 3966
1983 3967
1983 3968
1984 3969
1984 3970
1985 3971
1985 3972
1986 3973
1986 3974
1987 3975
1987 3976
1988 3977
1988 3978
1989 3979
1989 3980
1990 3981
1990 3982
1991 3983
1991 3984
1992 3985
1992 3986
1993 3987
1993 3988
1994 3989
1994 3990
1995 3991
1995 3992
1996 3993
1996 3994
1997 3995
1997 3996
1998 3997
1998 3998
1999 3999
1999 4000
2000 4001
2000 4002
2001 4003
2001 4004
2002 4005
2002 4006
2003 4007
2003 4008
2004 4009
2004 4010
2005 4011
2005 4012
2006 4013
2006 4014
2007 4015
2007 4016
2008 4017
2008 4018
2009 4019
2009 4020
2010 4021
2010 4022
2011 4023
2011 4024
2012 4025
2012 4026
2013 4027
2013 4028
2014 4029
2014 4030
2015 4031
2015 4032
2016 4033
2016 4034
2017 4035
2017 4036
2018 4037
2018 4038
2019 4039
2019 4040
2020 4041
2020 4042
2021 4043
2021 4044
2022 4045
2022 4046
2023 4047
2023 4048
2024 4049
2024 4050
2025 4051
2025 4052
2026 4053
2026 4054
2027 4055
2027 4056
2028 4057
2028 4058
2029 4059
2029 4060
2030 4061
2030 4062
2031 4063
2031 4064
2032 4065
2032 4066
2033 4067
2033 4068
2034 4069
2034 4070
2035 4071
2035 4072
2036 4073
2036 4074
2037 4075
2037 4076
2038 4077
2038 4078
2039 4079
2039 4080
2040 4081
2040 4082
2041 4083
2041 4084
2042 4085
2042 4086
2043 4087
2043 4088
2044 4089
2044 4090
2045 4091
2045 4092
2046 4093
2046 4094
2047 4095
2047 4096
2048 4097
2048 4098
2049 4099
2049 4100
2050 4101
2050 4102
2051 4103
2051 4104
2052 4105
2052 4106
2053 4107
2053 4108
2054 4109
2054 4110
2055 4111
2055 4112
2056 4113
2056 4114
2057 4115
2057 4116
2058 4117
2058 4118
2059 4119
2059 4120
2060 4121
2060 4122
2061 4123
2061 4124
2062 4125
2062 4126
2063 4127
2063 4128
2064 4129
2064 4130
2065 4131
2065 4132
2066 4133
2066 4134
2067 4135
2067 4136
2068 4137
2068 4138
2069 4139
2069 4140
2070 4141
2070 4142
2071 4143
2071 4144
2072 4145
2072 4146
2073 4147
2073 4148
2074 4149
2074 4150
2075 4151
2075 4152
2076 4153
2076 4154
2077 4155
2077 4156
2078 4157
2078 4158
2079 4159
2079 4160
2080 4161
2080 4162
2081 4163
2081 4164
2082 4165
2082 4166
2083 4167
2083 4168
2084 4169
2084 4170
2085 4171
2085 4172
2086 4173
2086 4174
2087 4175
2087 4176
2088 4177
2088 4178
2089 4179
2089 4180
2090 4181
2090 4182
2091 4183
2091 4184
2092 4185
2092 4186
2093 4187
2093 4188
2094 4189
2094 4190
2095 4191
2095 4192
2096 4193
2096 4194
2097 4195
2097 4196
2098 4197
2098 4198
2099 4199
2099 4200
2100 4201
2100 4202
2101 4203
2101 4204
2102 4205
2102 4206
2103 4207
2103 4208
2104 4209
2104 4210
2105 4211
2105 4212
2106 4213
2106 4214
2107 4215
2107 4216
2108 4217
2108 4218
2109 4219
2109 4220
2110 4221
2110 4222
2111 4223
2111 4224
2112 4225
2112 4226
2113 4227
2113 4228
2114 4229
2114 4230
2115 4231
2115 4232
2116 4233
2116 4234
2117 4235
2117 4236
2118 4237
2118 4238
2119 4239
2119 4240
2120 4241
2120 4242
2121 4243
2121 4244
2122 4245
2122 4246
2123 4247
2123 4248
2124 4249
2124 4250
2125 4251
2125 4252
2126 4253
2126 4254
2127 4255
2127 4256
2128 4257
2128 4258
2129 4259
2129 4260
2130 4261
2130 4262
2131 4263
2131 4264
2132 4265
2132 4266
2133 4267
2133 4268
2134 4269
2134 4270
2135 4271
2135 4272
2136 4273
2136 4274
2137 4275
2137 4276
2138 4277
2138 4278
2139 4279
2139 4280
2140 4281
2140 4282
2141 4283
2141 4284
2142 4285
2142 4286
2143 4287
2143 4288
2144 4289
2144 4290
2145 4291
2145 4292
2146 4293
2146 4294
2147 4295
2147 4296
2148 4297
2148 4298
2149 4299
2149 4300
2150 4301
2150 4302
2151 4303
2151 4304
2152 4305
2152 4306
2153 4307
2153 4308
2154 4309
2154 4310
2155 4311
2155 4312
2156 4313
2156 4314
2157 4315
2157 4316
2158 4317
2158 4318
2159 4319
2159 4320
2160 4321
2160 4322
2161 4323
2161 4324
2162 4325
2162 4326
2163 4327
2163 4328
2164 4329
2164 4330
2165 4331
2165 4332
2166 4333
2166 4334
2167 4335
2167 4336
2168 4337
2168 4338
2169 4339
2169 4340
2170 4341
2170 4342
2171 4343
2171 4344
2172 4345
2172 4346
2173 4347
2173 4348
2174 4349
2174 4350
2175 4351
2175 4352
2176 4353
2176 4354
2177 4355
2177 4356
2178 4357
2178 4358
2179 4359
2179 4360
2180 4361
2180 4362
2181 4363
2181 4364
2182 4365
2182 4366
2183 4367
2183 4368
2184 4369
2184 4370
2185 4371
2185 4372
2186 4373
2186 4374
2187 4375
2187 4376
2188 4377
2188 4378
2189 4379
2189 4380
2190 4381
2190 4382
2191 4383
2191 4384
2192 4385
2192 4386
2193 4387
2193 4388
2194 4389
2194 4390
2195 4391
2195 4392
2196 4393
2196 4394
2197 4395
2197 4396
2198 4397
2198 4398
2199 4399
2199 4400
2200 4401
2200 4402
2201 4403
2201 4404
2202 4405
2202 4406
2203 4407
2203 4408
2204 4409
2204 4410
2205 4411
2205 4412
2206 4413
2206 4414
2207 4415
2207 4416
2208 4417
2208 4418
2209 4419
2209 4420
2210 4421
2210 4422
2211 4423
2211 4424
2212 4425
2212 4426
2213 4427
2213 4428
2214 4429
2214 4430
2215 4431
2215 4432
2216 4433
2216 4434
2217 4435
2217 4436
2218 4437
2218 4438
2219 4439
2219 4440
2220 4441
2220 4442
2221 4443
2221 4444
2222 4445
2222 4446
2223 4447
2223 4448
2224 4449
2224 4450
2225 4451
2225 4452
2226 4453
2226 4454
2227 4455
2227 4456
2228 4457
2228 4458
2229 4459
2229 4460
2230 4461
2230 4462
2231 4463
2231 4464
2232 4465
2232 4466
2233 4467
2233 4468
2234 4469
2234 4470
2235 4471
2235 4472
2236 4473
2236 4474
2237 4475
2237 4476
2238 4477
2238 4478
2239 4479
2239 4480
2240 4481
2240 4482
2241 4483
2241 4484
2242 4485
2242 4486
2243 4487
2243 4488
2244 4489
2244 4490
2245 4491
2245 4492
2246 4493
2246 4494
2247 4495
2247 4496
2248 4497
2248 4498
2249 4499
2249 4500
2250 4501
2250 4502
2251 4503
2251 4504
2252 4505
2252 4506
2253 4507
2253 4508
2254 4509
2254 4510
2255 4511
2255 4512
2256 4513
2256 4514
2257 4515
2257 4516
2258 4517
2258 4518
2259 4519
2259 4520
2260 4521
2260 4522
2261 4523
2261 4524
2262 4525
2262 4526
2263 4527
2263 4528
2264 4529
2264 4530
2265 4531
2265 4532
2266 4533
2266 4534
2267 4535
2267 4536
2268 4537
2268 4538
2269 4539
2269 4540
2270 4541
2270 4542
2271 4543
2271 4544
2272 4545
2272 4546
2273 4547
2273 4548
2274 4549
2274 4550
2275 4551
2275 4552
2276 4553
2276 4554
2277 4555
2277 4556
2278 4557
2278 4558
2279 4559
2279 4560
2280 4561
2280 4562
2281 4563
2281 4564
2282 4565
2282 4566
2283 4567
2283 4568
2284 4569
2284 4570
2285 4571
2285 4572
2286 4573
2286 4574
2287 4575
2287 4576
2288 4577
2288 4578
2289 4579
2289 4580
2290 4581
2290 4582
2291 4583
2291 4584
2292 4585
2292 4586
2293 4587
2293 4588
2294 4589
2294 4590
2295 4591
2295 4592
2296 4593
2296 4594
2297 4595
2297 4596
2298 4597
2298 4598
2299 4599
2299 4600
2300 4601
2300 4602
2301 4603
2301 4604
2302 4605
2302 4606
2303 4607
2303 4608
2304 4609
2304 4610
2305 4611
2305 4612
2306 4613
2306 4614
2307 4615
2307 4616
2308 4617
2308 4618
2309 4619
2309 4620
2310 4621
2310 4622
2311 4623
2311 4624
2312 4625
2312 4626
2313 4627
2313 4628
2314 4629
2314 4630
2315 4631
2315 4632
2316 4633
2316 4634
2317 4635
2317 4636
2318 4637
2318 4638
2319 4639
2319 4640
2320 4641
2320 4642
2321 4643
2321 4644
2322 4645
2322 4646
2323 4647
2323 4648
2324 4649
2324 4650
2325 4651
2325 4652
2326 4653
2326 4654
2327 4655
2327 4656
2328 4657
2328 4658
2329 4659
2329 4660
2330 4661
2330 4662
2331 4663
2331 4664
2332 4665
2332 4666
2333 4667
2333 4668
2334 4669
2334 4670
2335 4671
2335 4672
2336 4673
2336 4674
2337 4675
2337 4676
2338 4677
2338 4678
2339 4679
2339 4680
2340 4681
2340 4682
2341 4683
2341 4684
2342 4685
2342 4686
2343 4687
2343 4688
2344 4689
2344 4690
2345 4691
2345 4692
2346 4693
2346 4694
2347 4695
2347 4696
2348 4697
2348 4698
2349 4699
2349 4700
2350 4701
2350 4702
2351 4703
2351 4704
2352 4705
2352 4706
2353 4707
2353 4708
2354 4709
2354 4710
2355 4711
2355 4712
2356 4713
2356 4714
2357 4715
2357 4716
2358 4717
2358 4718
2359 4719
2359 4720
2360 4721
2360 4722
2361 4723
2361 4724
2362 4725
2362 4726
2363 4727
2363 4728
2364 4729
2364 4730
2365 4731
2365 4732
2366 4733
2366 4734
2367 4735
2367 4736
2368 4737
2368 4738
2369 4739
2369 4740
2370 4741
2370 4742
2371 4743
2371 4744
2372 4745
2372 4746
2373 4747
2373 4748
2374 4749
2374 4750
2375 4751
2375 4752
2376 4753
2376 4754
2377 4755
2377 4756
2378 4757
2378 4758
2379 4759
2379 4760
2380 4761
2380 4762
2381 4763
2381 4764
2382 4765
2382 4766
2383 4767
2383 4768
2384 4769
2384 4770
2385 4771
2385 4772
2386 4773
2386 4774
2387 4775
2387 4776
2388 4777
2388 4778
2389 4779
2389 4780
2390 4781
2390 4782
2391 4783
2391 4784
2392 4785
2392 4786
2393 4787
2393 4788
2394 4789
2394 4790
2395 4791
2395 4792
2396 4793
2396 4794
2397 4795
2397 4796
2398 4797
2398 4798
2399 4799
2399 4800
2400 4801
2400 4802
2401 4803
2401 4804
2402 4805
2402 4806
2403 4807
2403 4808
2404 4809
2404 4810
2405 4811
2405 4812
2406 4813
2406 4814
2407 4815
2407 4816
2408 4817
2408 4818
2409 4819
2409 4820
2410 4821
2410 4822
2411 4823
2411 4824
2412 4825
2412 4826
2413 4827
2413 4828
2414 4829
2414 4830
2415 4831
2415 4832
2416 4833
2416 4834
2417 4835
2417 4836
2418 4837
2418 4838
2419 4839
2419 4840
2420 4841
2420 4842
2421 4843
2421 4844
2422 4845
2422 4846
2423 4847
2423 4848
2424 4849
2424 4850
2425 4851
2425 4852
2426 4853
2426 4854
2427 4855
2427 4856
2428 4857
2428 4858
2429 4859
2429 4860
2430 4861
2430 4862
2431 4863
2431 4864
2432 4865
2432 4866
2433 4867
2433 4868
2434 4869
2434 4870
2435 4871
2435 4872
2436 4873
2436 4874
2437 4875
2437 4876
2438 4877
2438 4878
2439 4879
2439 4880
2440 4881
2440 4882
2441 4883
2441 4884
2442 4885
2442 4886
2443 4887
2443 4888
2444 4889
2444 4890
2445 4891
2445 4892
2446 4893
2446 4894
2447 4895
2447 4896
2448 4897
2448 4898
2449 4899
2449 4900
2450 4901
2450 4902
2451 4903
2451 4904
2452 4905
2452 4906
2453 4907
2453 4908
2454 4909
2454 4910
2455 4911
2455 4912
2456 4913
2456 4914
2457 4915
2457 4916
2458 4917
2458 4918
2459 4919
2459 4920
2460 4921
2460 4922
2461 4923
2461 4924
2462 4925
2462 4926
2463 4927
2463 4928
2464 4929
2464 4930
2465 4931
2465 4932
2466 4933
2466 4934
2467 4935
2467 4936
2468 4937
2468 4938
2469 4939
2469 4940
2470 4941
2470 4942
2471 4943
2471 4944
2472 4945
2472 4946
2473 4947
2473 4948
2474 4949
2474 4950
2475 4951
2475 4952
2476 4953
2476 4954
2477 4955
2477 4956
2478 4957
2478 4958
2479 4959
2479 4960
2480 4961
2480 4962
2481 4963
2481 4964
2482 4965
2482 4966
2483 4967
2483 4968
2484 4969
2484 4970
2485 4971
2485 4972
2486 4973
2486 4974
2487 4975
2487 4976
2488 4977
2488 4978
2489 4979
2489 4980
2490 4981
2490 4982
2491 4983
2491 4984
2492 4985
2492 4986
2493 4987
2493 4988
2494 4989
2494 4990
2495 4991
2495 4992
2496 4993
2496 4994
2497 4995
2497 4996
2498 4997
2498 4998
2499 4999
2499 5000
2500 5001
2500 5002
2501 5003
2501 5004
2502 5005
2502 5006
2503 5007
2503 5008
2504 5009
2504 5010
2505 5011
2505 5012
2506 5013
2506 5014
2507 5015
2507 5016
2508 5017
2508 5018
2509 5019
2509 5020
2510 5021
2510 5022
2511 5023
2511 5024
2512 5025
2512 5026
2513 5027
2513 5028
2514 5029
2514 5030
2515 5031
2515 5032
2516 5033
2516 5034
2517 5035
2517 5036
2518 5037
2518 5038
2519 5039
2519 5040
2520 5041
2520 5042
2521 5043
2521 5044
2522 5045
2522 5046
2523 5047
2523 5048
2524 5049
2524 5050
2525 5051
2525 5052
2526 5053
2526 5054
2527 5055
2527 5056
2528 5057
2528 5058
2529 5059
2529 5060
2530 5061
2530 5062
2531 5063
2531 5064
2532 5065
2532 5066
2533 5067
2533 5068
2534 5069
2534 5070
2535 5071
2535 5072
2536 5073
2536 5074
2537 5075
2537 5076
2538 5077
2538 5078
2539 5079
2539 5080
2540 5081
2540 5082
2541 5083
2541 5084
2542 5085
2542 5086
2543 5087
2543 5088
2544 5089
2544 5090
2545 5091
2545 5092
2546 5093
2546 5094
2547 5095
2547 5096
2548 5097
2548 5098
2549 5099
2549 5100
2550 5101
2550 5102
2551 5103
2551 5104
2552 5105
2552 5106
2553 5107
2553 5108
2554 5109
2554 5110
2555 5111
2555 5112
2556 5113
2556 5114
2557 5115
2557 5116
2558 5117
2558 5118
2559 5119
2559 5120
2560 5121
2560 5122
2561 5123
2561 5124
2562 5125
2562 5126
2563 5127
2563 5128
2564 5129
2564 5130
2565 5131
2565 5132
2566 5133
2566 5134
2567 5135
2567 5136
2568 5137
2568 5138
2569 5139
2569 5140
2570 5141
2570 5142
2571 5143
2571 5144
2572 5145
2572 5146
2573 5147
2573 5148
2574 5149
2574 5150
2575 5151
2575 5152
2576 5153
2576 5154
2577 5155
2577 5156
2578 5157
2578 5158
2579 5159
2579 5160
2580 5161
2580 5162
2581 5163
2581 5164
2582 5165
2582 5166
2583 5167
2583 5168
2584 5169
2584 5170
2585 5171
2585 5172
2586 5173
2586 5174
2587 5175
2587 5176
2588 5177
2588 5178
2589 5179
2589 5180
2590 5181
2590 5182
2591 5183
2591 5184
2592 5185
2592 5186
2593 5187
2593 5188
2594 5189
2594 5190
2595 5191
2595 5192
2596 5193
2596 5194
2597 5195
2597 5196
2598 5197
2598 5198
2599 5199
2599 5200
2600 5201
2600 5202
2601 5203
2601 5204
2602 5205
2602 5206
2603 5207
2603 5208
2604 5209
2604 5210
2605 5211
2605 5212
2606 5213
2606 5214
2607 5215
2607 5216
2608 5217
2608 5218
2609 5219
2609 5220
2610 5221
2610 5222
2611 5223
2611 5224
2612 5225
2612 5226
2613 5227
2613 5228
2614 5229
2614 5230
2615 5231
2615 5232
2616 5233
2616 5234
2617 5235
2617 5236
2618 5237
2618 5238
2619 5239
2619 5240
2620 5241
2620 5242
2621 5243
2621 5244
2622 5245
2622 5246
2623 5247
2623 5248
2624 5249
2624 5250
2625 5251
2625 5252
2626 5253
2626 5254
2627 5255
2627 5256
2628 5257
2628 5258
2629 5259
2629 5260
2630 5261
2630 5262
2631 5263
2631 5264
2632 5265
2632 5266
2633 5267
2633 5268
2634 5269
2634 5270
2635 5271
2635 5272
2636 5273
2636 5274
2637 5275
2637 5276
2638 5277
2638 5278
2639 5279
2639 5280
2640 5281
2640 5282
2641 5283
2641 5284
2642 5285
2642 5286
2643 5287
2643 5288
2644 5289
2644 5290
2645 5291
2645 5292
2646 5293
2646 5294
2647 5295
2647 5296
2648 5297
2648 5298
2649 5299
2649 5300
2650 5301
2650 5302
2651 5303
2651 5304
2652 5305
2652 5306
2653 5307
2653 5308
2654 5309
2654 5310
2655 5311
2655 5312
2656 5313
2656 5314
2657 5315
2657 5316
2658 5317
2658 5318
2659 5319
2659 5320
2660 5321
2660 5322
2661 5323
2661 5324
2662 5325
2662 5326
2663 5327
2663 5328
2664 5329
2664 5330
2665 5331
2665 5332
2666 5333
2666 5334
2667 5335
2667 5336
2668 5337
2668 5338
2669 5339
2669 5340
2670 5341
2670 5342
2671 5343
2671 5344
2672 5345
2672 5346
2673 5347
2673 5348
2674 5349
2674 5350
2675 5351
2675 5352
2676 5353
2676 5354
2677 5355
2677 5356
2678 5357
2678 5358
2679 5359
2679 5360
2680 5361
2680 5362
2681 5363
2681 5364
2682 5365
2682 5366
2683 5367
2683 5368
2684 5369
2684 5370
2685 5371
2685 5372
2686 5373
2686 5374
2687 5375
2687 5376
2688 5377
2688 5378
2689 5379
2689 5380
2690 5381
2690 5382
2691 5383
2691 5384
2692 5385
2692 5386
2693 5387
2693 5388
2694 5389
2694 5390
2695 5391
2695 5392
2696 5393
2696 5394
2697 5395
2697 5396
2698 5397
2698 5398
2699 5399
2699 5400
2700 5401
2700 5402
2701 5403
2701 5404
2702 5405
2702 5406
2703 5407
2703 5408
2704 5409
2704 5410
2705 5411
2705 5412
2706 5413
2706 5414
2707 5415
2707 5416
2708 5417
2708 5418
2709 5419
2709 5420
2710 5421
2710 5422
2711 5423
2711 5424
2712 5425
2712 5426
2713 5427
2713 5428
2714 5429
2714 5430
2715 5431
2715 5432
2716 5433
2716 5434
2717 5435
2717 5436
2718 5437
2718 5438
2719 5439
2719 5440
2720 5441
2720 5442
2721 5443
2721 5444
2722 5445
2722 5446
2723 5447
2723 5448
2724 5449
2724 5450
2725 5451
2725 5452
2726 5453
2726 5454
2727 5455
2727 5456
2728 5457
2728 5458
2729 5459
2729 5460
2730 5461
2730 5462
2731 5463
2731 5464
2732 5465
2732 5466
2733 5467
2733 5468
2734 5469
2734 5470
2735 5471
2735 5472
2736 5473
2736 5474
2737 5475
2737 5476
2738 5477
2738 5478
2739 5479
2739 5480
2740 5481
2740 5482
2741 5483
2741 5484
2742 5485
2742 5486
2743 5487
2743 5488
2744 5489
2744 5490
2745 5491
2745 5492
2746 5493
2746 5494
2747 5495
2747 5496
2748 5497
2748 5498
2749 5499
2749 5500
2750 5501
2750 5502
2751 5503
2751 5504
2752 5505
2752 5506
2753 5507
2753 5508
2754 5509
2754 5510
2755 5511
2755 5512
2756 5513
2756 5514
2757 5515
2757 5516
2758 5517
2758 5518
2759 5519
2759 5520
2760 5521
2760 5522
2761 5523
2761 5524
2762 5525
2762 5526
2763 5527
2763 5528
2764 5529
2764 5530
2765 5531
2765 5532
2766 5533
2766 5534
2767 5535
2767 5536
2768 5537
2768 5538
2769 5539
2769 5540
2770 5541
2770 5542
2771 5543
2771 5544
2772 5545
2772 5546
2773 5547
2773 5548
2774 5549
2774 5550
2775 5551
2775 5552
2776 5553
2776 5554
2777 5555
2777 5556
2778 5557
2778 5558
2779 5559
2779 5560
2780 5561
2780 5562
2781 5563
2781 5564
2782 5565
2782 5566
2783 5567
2783 5568
2784 5569
2784 5570
2785 5571
2785 5572
2786 5573
2786 5574
2787 5575
2787 5576
2788 5577
2788 5578
2789 5579
2789 5580
2790 5581
2790 5582
2791 5583
2791 5584
2792 5585
2792 5586
2793 5587
2793 5588
2794 5589
2794 5590
2795 5591
2795 5592
2796 5593
2796 5594
2797 5595
2797 5596
2798 5597
2798 5598
2799 5599
2799 5600
2800 5601
2800 5602
2801 5603
2801 5604
2802 5605
2802 5606
2803 5607
2803 5608
2804 5609
2804 5610
2805 5611
2805 5612
2806 5613
2806 5614
2807 5615
2807 5616
2808 5617
2808 5618
2809 5619
2809 5620
2810 5621
2810 5622
2811 5623
2811 5624
2812 5625
2812 5626
2813 5627
2813 5628
2814 5629
2814 5630
2815 5631
2815 5632
2816 5633
2816 5634
2817 5635
2817 5636
2818 5637
2818 5638
2819 5639
2819 5640
2820 5641
2820 5642
2821 5643
2821 5644
2822 5645
2822 5646
2823 5647
2823 5648
2824 5649
2824 5650
2825 5651
2825 5652
2826 5653
2826 5654
2827 5655
2827 5656
2828 5657
2828 5658
2829 5659
2829 5660
2830 5661
2830 5662
2831 5663
2831 5664
2832 5665
2832 5666
2833 5667
2833 5668
2834 5669
2834 5670
2835 5671
2835 5672
2836 5673
2836 5674
2837 5675
2837 5676
2838 5677
2838 5678
2839 5679
2839 5680
2840 5681
2840 5682
2841 5683
2841 5684
2842 5685
2842 5686
2843 5687
2843 5688
2844 5689
2844 5690
2845 5691
2845 5692
2846 5693
2846 5694
2847 5695
2847 5696
2848 5697
2848 5698
2849 5699
2849 5700
2850 5701
2850 5702
2851 5703
2851 5704
2852 5705
2852 5706
2853 5707
2853 5708
2854 5709
2854 5710
2855 5711
2855 5712
2856 5713
2856 5714
2857 5715
2857 5716
2858 5717
2858 5718
2859 5719
2859 5720
2860 5721
2860 5722
2861 5723
2861 5724
2862 5725
2862 5726
2863 5727
2863 5728
2864 5729
2864 5730
2865 5731
2865 5732
2866 5733
2866 5734
2867 5735
2867 5736
2868 5737
2868 5738
2869 5739
2869 5740
2870 5741
2870 5742
2871 5743
2871 5744
2872 5745
2872 5746
2873 5747
2873 5748
2874 5749
2874 5750
2875 5751
2875 5752
2876 5753
2876 5754
2877 5755
2877 5756
2878 5757
2878 5758
2879 5759
2879 5760
2880 5761
2880 5762
2881 5763
2881 5764
2882 5765
2882 5766
2883 5767
2883 5768
2884 5769
2884 5770
2885 5771
2885 5772
2886 5773
2886 5774
2887 5775
2887 5776
2888 5777
2888 5778
2889 5779
2889 5780
2890 5781
2890 5782
2891 5783
2891 5784
2892 5785
2892 5786
2893 5787
2893 5788
2894 5789
2894 5790
2895 5791
2895 5792
2896 5793
2896 5794
2897 5795
2897 5796
2898 5797
2898 5798
2899 5799
2899 5800
2900 5801
2900 5802
2901 5803
2901 5804
2902 5805
2902 5806
2903 5807
2903 5808
2904 5809
2904 5810
2905 5811
2905 5812
2906 5813
2906 5814
2907 5815
2907 5816
2908 5817
2908 5818
2909 5819
2909 5820
2910 5821
2910 5822
2911 5823
2911 5824
2912 5825
2912 5826
2913 5827
2913 5828
2914 5829
2914 5830
2915 5831
2915 5832
2916 5833
2916 5834
2917 5835
2917 5836
2918 5837
2918 5838
2919 5839
2919 5840
2920 5841
2920 5842
2921 5843
2921 5844
2922 5845
2922 5846
2923 5847
2923 5848
2924 5849
2924 5850
2925 5851
2925 5852
2926 5853
2926 5854
2927 5855
2927 5856
2928 5857
2928 5858
2929 5859
2929 5860
2930 5861
2930 5862
2931 5863
2931 5864
2932 5865
2932 5866
2933 5867
2933 5868
2934 5869
2934 5870
2935 5871
2935 5872
2936 5873
2936 5874
2937 5875
2937 5876
2938 5877
2938 5878
2939 5879
2939 5880
2940 5881
2940 5882
2941 5883
2941 5884
2942 5885
2942 5886
2943 5887
2943 5888
2944 5889
2944 5890
2945 5891
2945 5892
2946 5893
2946 5894
2947 5895
2947 5896
2948 5897
2948 5898
2949 5899
2949 5900
2950 5901
2950 5902
2951 5903
2951 5904
2952 5905
2952 5906
2953 5907
2953 5908
2954 5909
2954 5910
2955 5911
2955 5912
2956 5913
2956 5914
2957 5915
2957 5916
2958 5917
2958 5918
2959 5919
2959 5920
2960 5921
2960 5922
2961 5923
2961 5924
2962 5925
2962 5926
2963 5927
2963 5928
2964 5929
2964 5930
2965 5931
2965 5932
2966 5933
2966 5934
2967 5935
2967 5936
2968 5937
2968 5938
2969 5939
2969 5940
2970 5941
2970 5942
2971 5943
2971 5944
2972 5945
2972 5946
2973 5947
2973 5948
2974 5949
2974 5950
2975 5951
2975 5952
2976 5953
2976 5954
2977 5955
2977 5956
2978 5957
2978 5958
2979 5959
2979 5960
2980 5961
2980 5962
2981 5963
2981 5964
2982 5965
2982 5966
2983 5967
2983 5968
2984 5969
2984 5970
2985 5971
2985 5972
2986 5973
2986 5974
2987 5975
2987 5976
2988 5977
2988 5978
2989 5979
2989 5980
2990 5981
2990 5982
2991 5983
2991 5984
2992 5985
2992 5986
2993 5987
2993 5988
2994 5989
2994 5990
2995 5991
2995 5992
2996 5993
2996 5994
2997 5995
2997 5996
2998 5997
2998 5998
2999 5999
2999 6000
3000 6001
3000 6002
3001 6003
3001 6004
3002 6005
3002 6006
3003 6007
3003 6008
3004 6009
3004 6010
3005 6011
3005 6012
3006 6013
3006 6014
3007 6015
3007 6016
3008 6017
3008 6018
3009 6019
3009 6020
3010 6021
3010 6022
3011 6023
3011 6024
3012 6025
3012 6026
3013 6027
3013 6028
3014 6029
3014 6030
3015 6031
3015 6032
3016 6033
3016 6034
3017 6035
3017 6036
3018 6037
3018 6038
3019 6039
3019 6040
3020 6041
3020 6042
3021 6043
3021 6044
3022 6045
3022 6046
3023 6047
3023 6048
3024 6049
3024 6050
3025 6051
3025 6052
3026 6053
3026 6054
3027 6055
3027 6056
3028 6057
3028 6058
3029 6059
3029 6060
3030 6061
3030 6062
3031 6063
3031 6064
3032 6065
3032 6066
3033 6067
3033 6068
3034 6069
3034 6070
3035 6071
3035 6072
3036 6073
3036 6074
3037 6075
3037 6076
3038 6077
3038 6078
3039 6079
3039 6080
3040 6081
3040 6082
3041 6083
3041 6084
3042 6085
3042 6086
3043 6087
3043 6088
3044 6089
3044 6090
3045 6091
3045 6092
3046 6093
3046 6094
3047 6095
3047 6096
3048 6097
3048 6098
3049 6099
3049 6100
3050 6101
3050 6102
3051 6103
3051 6104
3052 6105
3052 6106
3053 6107
3053 6108
3054 6109
3054 6110
3055 6111
3055 6112
3056 6113
3056 6114
3057 6115
3057 6116
3058 6117
3058 6118
3059 6119
3059 6120
3060 6121
3060 6122
3061 6123
3061 6124
3062 6125
3062 6126
3063 6127
3063 6128
3064 6129
3064 6130
3065 6131
3065 6132
3066 6133
3066 6134
3067 6135
3067 6136
3068 6137
3068 6138
3069 6139
3069 6140
3070 6141
3070 6142
3071 6143
3071 6144
3072 6145
3072 6146
3073 6147
3073 6148
3074 6149
3074 6150
3075 6151
3075 6152
3076 6153
3076 6154
3077 6155
3077 6156
3078 6157
3078 6158
3079 6159
3079 6160
3080 6161
3080 6162
3081 6163
3081 6164
3082 6165
3082 6166
3083 6167
3083 6168
3084 6169
3084 6170
3085 6171
3085 6172
3086 6173
3086 6174
3087 6175
3087 6176
3088 6177
3088 6178
3089 6179
3089 6180
3090 6181
3090 6182
3091 6183
3091 6184
3092 6185
3092 6186
3093 6187
3093 6188
3094 6189
3094 6190
3095 6191
3095 6192
3096 6193
3096 6194
3097 6195
3097 6196
3098 6197
3098 6198
3099 6199
3099 6200
3100 6201
3100 6202
3101 6203
3101 6204
3102 6205
3102 6206
3103 6207
3103 6208
3104 6209
3104 6210
3105 6211
3105 6212
3106 6213
3106 6214
3107 6215
3107 6216
3108 6217
3108 6218
3109 6219
3109 6220
3110 6221
3110 6222
3111 6223
3111 6224
3112 6225
3112 6226
3113 6227
3113 6228
3114 6229
3114 6230
3115 6231
3115 6232
3116 6233
3116 6234
3117 6235
3117 6236
3118 6237
3118 6238
3119 6239
3119 6240
3120 6241
3120 6242
3121 6243
3121 6244
3122 6245
3122 6246
3123 6247
3123 6248
3124 6249
3124 6250
3125 6251
3125 6252
3126 6253
3126 6254
3127 6255
3127 6256
3128 6257
3128 6258
3129 6259
3129 6260
3130 6261
3130 6262
3131 6263
3131 6264
3132 6265
3132 6266
3133 6267
3133 6268
3134 6269
3134 6270
3135 6271
3135 6272
3136 6273
3136 6274
3137 6275
3137 6276
3138 6277
3138 6278
3139 6279
3139 6280
3140 6281
3140 6282
3141 6283
3141 6284
3142 6285
3142 6286
3143 6287
3143 6288
3144 6289
3144 6290
3145 6291
3145 6292
3146 6293
3146 6294
3147 6295
3147 6296
3148 6297
3148 6298
3149 6299
3149 6300
3150 6301
3150 6302
3151 6303
3151 6304
3152 6305
3152 6306
3153 6307
3153 6308
3154 6309
3154 6310
3155 6311
3155 6312
3156 6313
3156 6314
3157 6315
3157 6316
3158 6317
3158 6318
3159 6319
3159 6320
3160 6321
3160 6322
3161 6323
3161 6324
3162 6325
3162 6326
3163 6327
3163 6328
3164 6329
3164 6330
3165 6331
3165 6332
3166 6333
3166 6334
3167 6335
3167 6336
3168 6337
3168 6338
3169 6339
3169 6340
3170 6341
3170 6342
3171 6343
3171 6344
3172 6345
3172 6346
3173 6347
3173 6348
3174 6349
3174 6350
3175 6351
3175 6352
3176 6353
3176 6354
3177 6355
3177 6356
3178 6357
3178 6358
3179 6359
3179 6360
3180 6361
3180 6362
3181 6363
3181 6364
3182 6365
3182 6366
3183 6367
3183 6368
3184 6369
3184 6370
3185 6371
3185 6372
3186 6373
3186 6374
3187 6375
3187 6376
3188 6377
3188 6378
3189 6379
3189 6380
3190 6381
3190 6382
3191 6383
3191 6384
3192 6385
3192 6386
3193 6387
3193 6388
3194 6389
3194 6390
3195 6391
3195 6392
3196 6393
3196 6394
3197 6395
3197 6396
3198 6397
3198 6398
3199 6399
3199 6400
3200 6401
3200 6402
3201 6403
3201 6404
3202 6405
3202 6406
3203 6407
3203 6408
3204 6409
3204 6410
3205 6411
3205 6412
3206 6413
3206 6414
3207 6415
3207 6416
3208 6417
3208 6418
3209 6419
3209 6420
3210 6421
3210 6422
3211 6423
3211 6424
3212 6425
3212 6426
3213 6427
3213 6428
3214 6429
3214 6430
3215 6431
3215 6432
3216 6433
3216 6434
3217 6435
3217 6436
3218 6437
3218 6438
3219 6439
3219 6440
3220 6441
3220 6442
3221 6443
3221 6444
3222 6445
3222 6446
3223 6447
3223 6448
3224 6449
3224 6450
3225 6451
3225 6452
3226 6453
3226 6454
3227 6455
3227 6456
3228 6457
3228 6458
3229 6459
3229 6460
3230 6461
3230 6462
3231 6463
3231 6464
3232 6465
3232 6466
3233 6467
3233 6468
3234 6469
3234 6470
3235 6471
3235 6472
3236 6473
3236 6474
3237 6475
3237 6476
3238 6477
3238 6478
3239 6479
3239 6480
3240 6481
3240 6482
3241 6483
3241 6484
3242 6485
3242 6486
3243 6487
3243 6488
3244 6489
3244 6490
3245 6491
3245 6492
3246 6493
3246 6494
3247 6495
3247 6496
3248 6497
3248 6498
3249 6499
3249 6500
3250 6501
3250 6502
3251 6503
3251 6504
3252 6505
3252 6506
3253 6507
3253 6508
3254 6509
3254 6510
3255 6511
3255 6512
3256 6513
3256 6514
3257 6515
3257 6516
3258 6517
3258 6518
3259 6519
3259 6520
3260 6521
3260 6522
3261 6523
3261 6524
3262 6525
3262 6526
3263 6527
3263 6528
3264 6529
3264 6530
3265 6531
3265 6532
3266 6533
3266 6534
3267 6535
3267 6536
3268 6537
3268 6538
3269 6539
3269 6540
3270 6541
3270 6542
3271 6543
3271 6544
3272 6545
3272 6546
3273 6547
3273 6548
3274 6549
3274 6550
3275 6551
3275 6552
3276 6553
3276 6554
3277 6555
3277 6556
3278 6557
3278 6558
3279 6559
3279 6560
3280 6561
3280 6562
3281 6563
3281 6564
3282 6565
3282 6566
3283 6567
3283 6568
3284 6569
3284 6570
3285 6571
3285 6572
3286 6573
3286 6574
3287 6575
3287 6576
3288 6577
3288 6578
3289 6579
3289 6580
3290 6581
3290 6582
3291 6583
3291 6584
3292 6585
3292 6586
3293 6587
3293 6588
3294 6589
3294 6590
3295 6591
3295 6592
3296 6593
3296 6594
3297 6595
3297 6596
3298 6597
3298 6598
3299 6599
3299 6600
3300 6601
3300 6602
3301 6603
3301 6604
3302 6605
3302 6606
3303 6607
3303 6608
3304 6609
3304 6610
3305 6611
3305 6612
3306 6613
3306 6614
3307 6615
3307 6616
3308 6617
3308 6618
3309 6619
3309 6620
3310 6621
3310 6622
3311 6623
3311 6624
3312 6625
3312 6626
3313 6627
3313 6628
3314 6629
3314 6630
3315 6631
3315 6632
3316 6633
3316 6634
3317 6635
3317 6636
3318 6637
3318 6638
3319 6639
3319 6640
3320 6641
3320 6642
3321 6643
3321 6644
3322 6645
3322 6646
3323 6647
3323 6648
3324 6649
3324 6650
3325 6651
3325 6652
3326 6653
3326 6654
3327 6655
3327 6656
3328 6657
3328 6658
3329 6659
3329 6660
3330 6661
3330 6662
3331 6663
3331 6664
3332 6665
3332 6666
3333 6667
3333 6668
3334 6669
3334 6670
3335 6671
3335 6672
3336 6673
3336 6674
3337 6675
3337 6676
3338 6677
3338 6678
3339 6679
3339 6680
3340 6681
3340 6682
3341 6683
3341 6684
3342 6685
3342 6686
3343 6687
3343 6688
3344 6689
3344 6690
3345 6691
3345 6692
3346 6693
3346 6694
3347 6695
3347 6696
3348 6697
3348 6698
3349 6699
3349 6700
3350 6701
3350 6702
3351 6703
3351 6704
3352 6705
3352 6706
3353 6707
3353 6708
3354 6709
3354 6710
3355 6711
3355 6712
3356 6713
3356 6714
3357 6715
3357 6716
3358 6717
3358 6718
3359 6719
3359 6720
3360 6721
3360 6722
3361 6723
3361 6724
3362 6725
3362 6726
3363 6727
3363 6728
3364 6729
3364 6730
3365 6731
3365 6732
3366 6733
3366 6734
3367 6735
3367 6736
3368 6737
3368 6738
3369 6739
3369 6740
3370 6741
3370 6742
3371 6743
3371 6744
3372 6745
3372 6746
3373 6747
3373 6748
3374 6749
3374 6750
3375 6751
3375 6752
3376 6753
3376 6754
3377 6755
3377 6756
3378 6757
3378 6758
3379 6759
3379 6760
3380 6761
3380 6762
3381 6763
3381 6764
3382 6765
3382 6766
3383 6767
3383 6768
3384 6769
3384 6770
3385 6771
3385 6772
3386 6773
3386 6774
3387 6775
3387 6776
3388 6777
3388 6778
3389 6779
3389 6780
3390 6781
3390 6782
3391 6783
3391 6784
3392 6785
3392 6786
3393 6787
3393 6788
3394 6789
3394 6790
3395 6791
3395 6792
3396 6793
3396 6794
3397 6795
3397 6796
3398 6797
3398 6798
3399 6799
3399 6800
3400 6801
3400 6802
3401 6803
3401 6804
3402 6805
3402 6806
3403 6807
3403 6808
3404 6809
3404 6810
3405 6811
3405 6812
3406 6813
3406 6814
3407 6815
3407 6816
3408 6817
3408 6818
3409 6819
3409 6820
3410 6821
3410 6822
3411 6823
3411 6824
3412 6825
3412 6826
3413 6827
3413 6828
3414 6829
3414 6830
3415 6831
3415 6832
3416 6833
3416 6834
3417 6835
3417 6836
3418 6837
3418 6838
3419 6839
3419 6840
3420 6841
3420 6842
3421 6843
3421 6844
3422 6845
3422 6846
3423 6847
3423 6848
3424 6849
3424 6850
3425 6851
3425 6852
3426 6853
3426 6854
3427 6855
3427 6856
3428 6857
3428 6858
3429 6859
3429 6860
3430 6861
3430 6862
3431 6863
3431 6864
3432 6865
3432 6866
3433 6867
3433 6868
3434 6869
3434 6870
3435 6871
3435 6872
3436 6873
3436 6874
3437 6875
3437 6876
3438 6877
3438 6878
3439 6879
3439 6880
3440 6881
3440 6882
3441 6883
3441 6884
3442 6885
3442 6886
3443 6887
3443 6888
3444 6889
3444 6890
3445 6891
3445 6892
3446 6893
3446 6894
3447 6895
3447 6896
3448 6897
3448 6898
3449 6899
3449 6900
3450 6901
3450 6902
3451 6903
3451 6904
3452 6905
3452 6906
3453 6907
3453 6908
3454 6909
3454 6910
3455 6911
3455 6912
3456 6913
3456 6914
3457 6915
3457 6916
3458 6917
3458 6918
3459 6919
3459 6920
3460 6921
3460 6922
3461 6923
3461 6924
3462 6925
3462 6926
3463 6927
3463 6928
3464 6929
3464 6930
3465 6931
3465 6932
3466 6933
3466 6934
3467 6935
3467 6936
3468 6937
3468 6938
3469 6939
3469 6940
3470 6941
3470 6942
3471 6943
3471 6944
3472 6945
3472 6946
3473 6947
3473 6948
3474 6949
3474 6950
3475 6951
3475 6952
3476 6953
3476 6954
3477 6955
3477 6956
3478 6957
3478 6958
3479 6959
3479 6960
3480 6961
3480 6962
3481 6963
3481 6964
3482 6965
3482 6966
3483 6967
3483 6968
3484 6969
3484 6970
3485 6971
3485 6972
3486 6973
3486 6974
3487 6975
3487 6976
3488 6977
3488 6978
3489 6979
3489 6980
3490 6981
3490 6982
3491 6983
3491 6984
3492 6985
3492 6986
3493 6987
3493 6988
3494 6989
3494 6990
3495 6991
3495 6992
3496 6993
3496 6994
3497 6995
3497 6996
3498 6997
3498 6998
3499 6999
3499 7000
3500 7001
3500 7002
3501 7003
3501 7004
3502 7005
3502 7006
3503 7007
3503 7008
3504 7009
3504 7010
3505 7011
3505 7012
3506 7013
3506 7014
3507 7015
3507 7016
3508 7017
3508 7018
3509 7019
3509 7020
3510 7021
3510 7022
3511 7023
3511 7024
3512 7025
3512 7026
3513 7027
3513 7028
3514 7029
3514 7030
3515 7031
3515 7032
3516 7033
3516 7034
3517 7035
3517 7036
3518 7037
3518 7038
3519 7039
3519 7040
3520 7041
3520 7042
3521 7043
3521 7044
3522 7045
3522 7046
3523 7047
3523 7048
3524 7049
3524 7050
3525 7051
3525 7052
3526 7053
3526 7054
3527 7055
3527 7056
3528 7057
3528 7058
3529 7059
3529 7060
3530 7061
3530 7062
3531 7063
3531 7064
3532 7065
3532 7066
3533 7067
3533 7068
3534 7069
3534 7070
3535 7071
3535 7072
3536 7073
3536 7074
3537 7075
3537 7076
3538 7077
3538 7078
3539 7079
3539 7080
3540 7081
3540 7082
3541 7083
3541 7084
3542 7085
3542 7086
3543 7087
3543 7088
3544 7089
3544 7090
3545 7091
3545 7092
3546 7093
3546 7094
3547 7095
3547 7096
3548 7097
3548 7098
3549 7099
3549 7100
3550 7101
3550 7102
3551 7103
3551 7104
3552 7105
3552 7106
3553 7107
3553 7108
3554 7109
3554 7110
3555 7111
3555 7112
3556 7113
3556 7114
3557 7115
3557 7116
3558 7117
3558 7118
3559 7119
3559 7120
3560 7121
3560 7122
3561 7123
3561 7124
3562 7125
3562 7126
3563 7127
3563 7128
3564 7129
3564 7130
3565 7131
3565 7132
3566 7133
3566 7134
3567 7135
3567 7136
3568 7137
3568 7138
3569 7139
3569 7140
3570 7141
3570 7142
3571 7143
3571 7144
3572 7145
3572 7146
3573 7147
3573 7148
3574 7149
3574 7150
3575 7151
3575 7152
3576 7153
3576 7154
3577 7155
3577 7156
3578 7157
3578 7158
3579 7159
3579 7160
3580 7161
3580 7162
3581 7163
3581 7164
3582 7165
3582 7166
3583 7167
3583 7168
3584 7169
3584 7170
3585 7171
3585 7172
3586 7173
3586 7174
3587 7175
3587 7176
3588 7177
3588 7178
3589 7179
3589 7180
3590 7181
3590 7182
3591 7183
3591 7184
3592 7185
3592 7186
3593 7187
3593 7188
3594 7189
3594 7190
3595 7191
3595 7192
3596 7193
3596 7194
3597 7195
3597 7196
3598 7197
3598 7198
3599 7199
3599 7200
3600 7201
3600 7202
3601 7203
3601 7204
3602 7205
3602 7206
3603 7207
3603 7208
3604 7209
3604 7210
3605 7211
3605 7212
3606 7213
3606 7214
3607 7215
3607 7216
3608 7217
3608 7218
3609 7219
3609 7220
3610 7221
3610 7222
3611 7223
3611 7224
3612 7225
3612 7226
3613 7227
3613 7228
3614 7229
3614 7230
3615 7231
3615 7232
3616 7233
3616 7234
3617 7235
3617 7236
3618 7237
3618 7238
3619 7239
3619 7240
3620 7241
3620 7242
3621 7243
3621 7244
3622 7245
3622 7246
3623 7247
3623 7248
3624 7249
3624 7250
3625 7251
3625 7252
3626 7253
3626 7254
3627 7255
3627 7256
3628 7257
3628 7258
3629 7259
3629 7260
3630 7261
3630 7262
3631 7263
3631 7264
3632 7265
3632 7266
3633 7267
3633 7268
3634 7269
3634 7270
3635 7271
3635 7272
3636 7273
3636 7274
3637 7275
3637 7276
3638 7277
3638 7278
3639 7279
3639 7280
3640 7281
3640 7282
3641 7283
3641 7284
3642 7285
3642 7286
3643 7287
3643 7288
3644 7289
3644 7290
3645 7291
3645 7292
3646 7293
3646 7294
3647 7295
3647 7296
3648 7297
3648 7298
3649 7299
3649 7300
3650 7301
3650 7302
3651 7303
3651 7304
3652 7305
3652 7306
3653 7307
3653 7308
3654 7309
3654 7310
3655 7311
3655 7312
3656 7313
3656 7314
3657 7315
3657 7316
3658 7317
3658 7318
3659 7319
3659 7320
3660 7321
3660 7322
3661 7323
3661 7324
3662 7325
3662 7326
3663 7327
3663 7328
3664 7329
3664 7330
3665 7331
3665 7332
3666 7333
3666 7334
3667 7335
3667 7336
3668 7337
3668 7338
3669 7339
3669 7340
3670 7341
3670 7342
3671 7343
3671 7344
3672 7345
3672 7346
3673 7347
3673 7348
3674 7349
3674 7350
3675 7351
3675 7352
3676 7353
3676 7354
3677 7355
3677 7356
3678 7357
3678 7358
3679 7359
3679 7360
3680 7361
3680 7362
3681 7363
3681 7364
3682 7365
3682 7366
3683 7367
3683 7368
3684 7369
3684 7370
3685 7371
3685 7372
3686 7373
3686 7374
3687 7375
3687 7376
3688 7377
3688 7378
3689 7379
3689 7380
3690 7381
3690 7382
3691 7383
3691 7384
3692 7385
3692 7386
3693 7387
3693 7388
3694 7389
3694 7390
3695 7391
3695 7392
3696 7393
3696 7394
3697 7395
3697 7396
3698 7397
3698 7398
3699 7399
3699 7400
3700 7401
3700 7402
3701 7403
3701 7404
3702 7405
3702 7406
3703 7407
3703 7408
3704 7409
3704 7410
3705 7411
3705 7412
3706 7413
3706 7414
3707 7415
3707 7416
3708 7417
3708 7418
3709 7419
3709 7420
3710 7421
3710 7422
3711 7423
3711 7424
3712 7425
3712 7426
3713 7427
3713 7428
3714 7429
3714 7430
3715 7431
3715 7432
3716 7433
3716 7434
3717 7435
3717 7436
3718 7437
3718 7438
3719 7439
3719 7440
3720 7441
3720 7442
3721 7443
3721 7444
3722 7445
3722 7446
3723 7447
3723 7448
3724 7449
3724 7450
3725 7451
3725 7452
3726 7453
3726 7454
3727 7455
3727 7456
3728 7457
3728 7458
3729 7459
3729 7460
3730 7461
3730 7462
3731 7463
3731 7464
3732 7465
3732 7466
3733 7467
3733 7468
3734 7469
3734 7470
3735 7471
3735 7472
3736 7473
3736 7474
3737 7475
3737 7476
3738 7477
3738 7478
3739 7479
3739 7480
3740 7481
3740 7482
3741 7483
3741 7484
3742 7485
3742 7486
3743 7487
3743 7488
3744 7489
3744 7490
3745 7491
3745 7492
3746 7493
3746 7494
3747 7495
3747 7496
3748 7497
3748 7498
3749 7499
3749 7500
3750 7501
3750 7502
3751 7503
3751 7504
3752 7505
3752 7506
3753 7507
3753 7508
3754 7509
3754 7510
3755 7511
3755 7512
3756 7513
3756 7514
3757 7515
3757 7516
3758 7517
3758 7518
3759 7519
3759 7520
3760 7521
3760 7522
3761 7523
3761 7524
3762 7525
3762 7526
3763 7527
3763 7528
3764 7529
3764 7530
3765 7531
3765 7532
3766 7533
3766 7534
3767 7535
3767 7536
3768 7537
3768 7538
3769 7539
3769 7540
3770 7541
3770 7542
3771 7543
3771 7544
3772 7545
3772 7546
3773 7547
3773 7548
3774 7549
3774 7550
3775 7551
3775 7552
3776 7553
3776 7554
3777 7555
3777 7556
3778 7557
3778 7558
3779 7559
3779 7560
3780 7561
3780 7562
3781 7563
3781 7564
3782 7565
3782 7566
3783 7567
3783 7568
3784 7569
3784 7570
3785 7571
3785 7572
3786 7573
3786 7574
3787 7575
3787 7576
3788 7577
3788 7578
3789 7579
3789 7580
3790 7581
3790 7582
3791 7583
3791 7584
3792 7585
3792 7586
3793 7587
3793 7588
3794 7589
3794 7590
3795 7591
3795 7592
3796 7593
3796 7594
3797 7595
3797 7596
3798 7597
3798 7598
3799 7599
3799 7600
3800 7601
3800 7602
3801 7603
3801 7604
3802 7605
3802 7606
3803 7607
3803 7608
3804 7609
3804 7610
3805 7611
3805 7612
3806 7613
3806 7614
3807 7615
3807 7616
3808 7617
3808 7618
3809 7619
3809 7620
3810 7621
3810 7622
3811 7623
3811 7624
3812 7625
3812 7626
3813 7627
3813 7628
3814 7629
3814 7630
3815 7631
3815 7632
3816 7633
3816 7634
3817 7635
3817 7636
3818 7637
3818 7638
3819 7639
3819 7640
3820 7641
3820 7642
3821 7643
3821 7644
3822 7645
3822 7646
3823 7647
3823 7648
3824 7649
3824 7650
3825 7651
3825 7652
3826 7653
3826 7654
3827 7655
3827 7656
3828 7657
3828 7658
3829 7659
3829 7660
3830 7661
3830 7662
3831 7663
3831 7664
3832 7665
3832 7666
3833 7667
3833 7668
3834 7669
3834 7670
3835 7671
3835 7672
3836 7673
3836 7674
3837 7675
3837 7676
3838 7677
3838 7678
3839 7679
3839 7680
3840 7681
3840 7682
3841 7683
3841 7684
3842 7685
3842 7686
3843 7687
3843 7688
3844 7689
3844 7690
3845 7691
3845 7692
3846 7693
3846 7694
3847 7695
3847 7696
3848 7697
3848 7698
3849 7699
3849 7700
3850 7701
3850 7702
3851 7703
3851 7704
3852 7705
3852 7706
3853 7707
3853 7708
3854 7709
3854 7710
3855 7711
3855 7712
3856 7713
3856 7714
3857 7715
3857 7716
3858 7717
3858 7718
3859 7719
3859 7720
3860 7721
3860 7722
3861 7723
3861 7724
3862 7725
3862 7726
3863 7727
3863 7728
3864 7729
3864 7730
3865 7731
3865 7732
3866 7733
3866 7734
3867 7735
3867 7736
3868 7737
3868 7738
3869 7739
3869 7740
3870 7741
3870 7742
3871 7743
3871 7744
3872 7745
3872 7746
3873 7747
3873 7748
3874 7749
3874 7750
3875 7751
3875 7752
3876 7753
3876 7754
3877 7755
3877 7756
3878 7757
3878 7758
3879 7759
3879 7760
3880 7761
3880 7762
3881 7763
3881 7764
3882 7765
3882 7766
3883 7767
3883 7768
3884 7769
3884 7770
3885 7771
3885 7772
3886 7773
3886 7774
3887 7775
3887 7776
3888 7777
3888 7778
3889 7779
3889 7780
3890 7781
3890 7782
3891 7783
3891 7784
3892 7785
3892 7786
3893 7787
3893 7788
3894 7789
3894 7790
3895 7791
3895 7792
3896 7793
3896 7794
3897 7795
3897 7796
3898 7797
3898 7798
3899 7799
3899 7800
3900 7801
3900 7802
3901 7803
3901 7804
3902 7805
3902 7806
3903 7807
3903 7808
3904 7809
3904 7810
3905 7811
3905 7812
3906 7813
3906 7814
3907 7815
3907 7816
3908 7817
3908 7818
3909 7819
3909 7820
3910 7821
3910 7822
3911 7823
3911 7824
3912 7825
3912 7826
3913 7827
3913 7828
3914 7829
3914 7830
3915 7831
3915 7832
3916 7833
3916 7834
3917 7835
3917 7836
3918 7837
3918 7838
3919 7839
3919 7840
3920 7841
3920 7842
3921 7843
3921 7844
3922 7845
3922 7846
3923 7847
3923 7848
3924 7849
3924 7850
3925 7851
3925 7852
3926 7853
3926 7854
3927 7855
3927 7856
3928 7857
3928 7858
3929 7859
3929 7860
3930 7861
3930 7862
3931 7863
3931 7864
3932 7865
3932 7866
3933 7867
3933 7868
3934 7869
3934 7870
3935 7871
3935 7872
3936 7873
3936 7874
3937 7875
3937 7876
3938 7877
3938 7878
3939 7879
3939 7880
3940 7881
3940 7882
3941 7883
3941 7884
3942 7885
3942 7886
3943 7887
3943 7888
3944 7889
3944 7890
3945 7891
3945 7892
3946 7893
3946 7894
3947 7895
3947 7896
3948 7897
3948 7898
3949 7899
3949 7900
3950 7901
3950 7902
3951 7903
3951 7904
3952 7905
3952 7906
3953 7907
3953 7908
3954 7909
3954 7910
3955 7911
3955 7912
3956 7913
3956 7914
3957 7915
3957 7916
3958 7917
3958 7918
3959 7919
3959 7920
3960 7921
3960 7922
3961 7923
3961 7924
3962 7925
3962 7926
3963 7927
3963 7928
3964 7929
3964 7930
3965 7931
3965 7932
3966 7933
3966 7934
3967 7935
3967 7936
3968 7937
3968 7938
3969 7939
3969 7940
3970 7941
3970 7942
3971 7943
3971 7944
3972 7945
3972 7946
3973 7947
3973 7948
3974 7949
3974 7950
3975 7951
3975 7952
3976 7953
3976 7954
3977 7955
3977 7956
3978 7957
3978 7958
3979 7959
3979 7960
3980 7961
3980 7962
3981 7963
3981 7964
3982 7965
3982 7966
3983 7967
3983 7968
3984 7969
3984 7970
3985 7971
3985 7972
3986 7973
3986 7974
3987 7975
3987 7976
3988 7977
3988 7978
3989 7979
3989 7980
3990 7981
3990 7982
3991 7983
3991 7984
3992 7985
3992 7986
3993 7987
3993 7988
3994 7989
3994 7990
3995 7991
3995 7992
3996 7993
3996 7994
3997 7995
3997 7996
3998 7997
3998 7998
3999 7999
3999 8000
4000 8001
4000 8002
4001 8003
4001 8004
4002 8005
4002 8006
4003 8007
4003 8008
4004 8009
4004 8010
4005 8011
4005 8012
4006 8013
4006 8014
4007 8015
4007 8016
4008 8017
4008 8018
4009 8019
4009 8020
4010 8021
4010 8022
4011 8023
4011 8024
4012 8025
4012 8026
4013 8027
4013 8028
4014 8029
4014 8030
4015 8031
4015 8032
4016 8033
4016 8034
4017 8035
4017 8036
4018 8037
4018 8038
4019 8039
4019 8040
4020 8041
4020 8042
4021 8043
4021 8044
4022 8045
4022 8046
4023 8047
4023 8048
4024 8049
4024 8050
4025 8051
4025 8052
4026 8053
4026 8054
4027 8055
4027 8056
4028 8057
4028 8058
4029 8059
4029 8060
4030 8061
4030 8062
4031 8063
4031 8064
4032 8065
4032 8066
4033 8067
4033 8068
4034 8069
4034 8070
4035 8071
4035 8072
4036 8073
4036 8074
4037 8075
4037 8076
4038 8077
4038 8078
4039 8079
4039 8080
4040 8081
4040 8082
4041 8083
4041 8084
4042 8085
4042 8086
4043 8087
4043 8088
4044 8089
4044 8090
4045 8091
4045 8092
4046 8093
4046 8094
4047 8095
4047 8096
4048 8097
4048 8098
4049 8099
4049 8100
4050 8101
4050 8102
4051 8103
4051 8104
4052 8105
4052 8106
4053 8107
4053 8108
4054 8109
4054 8110
4055 8111
4055 8112
4056 8113
4056 8114
4057 8115
4057 8116
4058 8117
4058 8118
4059 8119
4059 8120
4060 8121
4060 8122
4061 8123
4061 8124
4062 8125
4062 8126
4063 8127
4063 8128
4064 8129
4064 8130
4065 8131
4065 8132
4066 8133
4066 8134
4067 8135
4067 8136
4068 8137
4068 8138
4069 8139
4069 8140
4070 8141
4070 8142
4071 8143
4071 8144
4072 8145
4072 8146
4073 8147
4073 8148
4074 8149
4074 8150
4075 8151
4075 8152
4076 8153
4076 8154
4077 8155
4077 8156
4078 8157
4078 8158
4079 8159
4079 8160
4080 8161
4080 8162
4081 8163
4081 8164
4082 8165
4082 8166
4083 8167
4083 8168
4084 8169
4084 8170
4085 8171
4085 8172
4086 8173
4086 8174
4087 8175
4087 8176
4088 8177
4088 8178
4089 8179
4089 8180
4090 8181
4090 8182
4091 8183
4091 8184
4092 8185
4092 8186
4093 8187
4093 8188
4094 8189
4094 8190
