2 1
6 5
352 6
549 6
12 11
229 12
14 13
196 14
16 15
256 16
18 17
242 18
20 19
112 20
132 20
461 20
24 23
595 24
26 25
122 26
30 29
1040 30
32 31
878 32
34 33
18 34
36 35
40 39
635 40
42 41
2 42
46 45
264 46
50 49
359 50
54 53
1403 54
58 57
699 58
68 67
343 68
18 75
77 76
603 77
79 78
461 79
83 82
365 83
85 84
132 85
87 86
460 87
91 90
18 91
35 92
94 93
18 94
96 95
549 96
104 103
279 104
106 105
2 106
16 107
111 110
635 111
113 112
115 114
116 114
18 117
119 118
6 119
123 122
1293 123
32 128
130 129
229 130
132 131
519 132
137 136
175 137
144 143
18 144
146 145
598 146
149 148
216 149
153 152
837 153
6 154
156 155
539 156
114 159
42 160
164 163
256 164
169 168
18 169
701 169
171 170
617 171
173 172
18 173
175 174
1120 175
177 176
32 177
179 178
1393 179
164 180
12 181
96 185
187 186
436 187
193 192
256 193
132 194
196 195
381 196
603 196
198 197
580 198
202 201
32 202
207 206
153 207
186 207
210 209
54 211
213 212
1275 213
216 215
1719 216
218 217
132 218
224 223
239 224
229 228
580 229
207 232
236 235
329 236
196 237
239 238
549 239
241 240
446 241
137 242
246 245
75 246
149 249
252 251
119 252
236 253
12 254
256 255
420 256
258 257
580 258
144 259
132 264
20 267
18 268
42 270
130 275
279 278
338 279
46 280
35 281
175 282
279 289
96 300
20 308
309 308
310 308
20 309
241 310
312 311
685 312
318 317
461 318
320 319
891 320
326 325
327 325
196 326
396 327
144 328
256 329
332 331
461 332
6 335
132 336
338 337
808 338
46 343
345 344
1681 345
349 348
364 349
104 350
352 351
46 353
354 353
359 358
16 359
6 361
365 364
1664 365
132 368
372 371
579 372
580 372
259 375
377 376
701 377
216 378
1872 381
384 383
164 384
68 385
348 386
388 387
279 388
390 389
901 390
392 391
638 392
359 393
395 394
359 395
397 396
830 397
399 398
543 399
403 402
87 403
264 403
407 406
881 407
409 408
905 409
239 410
164 411
213 420
359 423
359 430
326 433
436 435
873 436
442 441
54 442
87 443
32 444
446 445
256 446
448 447
216 448
377 451
454 453
171 454
456 455
175 456
207 459
209 461
173 465
104 466
468 467
216 468
46 469
471 470
1875 471
46 472
474 473
622 474
479 478
258 479
481 480
484 481
104 483
256 484
486 485
543 486
407 487
492 491
461 492
216 493
128 500
461 501
501 504
20 505
20 506
79 507
501 508
344 509
510 509
16 510
461 511
501 512
144 513
32 516
461 518
520 519
156 521
216 522
454 524
525 524
42 527
130 528
530 529
852 530
1874 531
533 532
32 533
535 534
104 535
196 535
130 537
539 538
15 539
543 542
1356 543
32 544
546 545
96 546
42 547
264 547
549 548
1876 549
551 550
518 551
554 553
258 554
83 555
106 559
423 562
566 565
555 566
177 567
571 570
132 571
216 572
574 573
365 574
578 577
622 578
242 579
35 580
539 581
326 583
584 583
535 585
589 588
279 589
594 593
939 594
198 595
196 596
597 596
256 597
6 598
18 600
602 601
669 602
597 603
20 604
309 604
608 607
6 608
258 609
216 611
144 615
32 616
256 617
372 618
622 621
256 622
175 623
179 627
531 635
639 638
216 639
130 642
241 643
264 646
348 649
652 651
1004 652
1005 652
137 657
229 662
642 662
664 663
256 664
195 667
669 668
15 673
635 680
106 683
685 684
18 685
18 687
173 688
164 689
691 690
107 691
177 694
87 695
258 696
96 699
471 700
241 701
144 702
104 704
436 708
710 709
12 710
164 714
484 715
207 716
718 717
486 718
718 719
326 720
239 721
723 722
34 723
106 724
42 725
727 726
948 727
218 728
732 731
279 732
175 734
407 737
216 744
171 747
377 759
403 759
207 760
279 761
480 764
144 766
770 769
454 770
691 771
776 775
196 776
241 776
461 780
638 781
384 782
685 782
279 783
680 784
216 785
216 786
104 787
258 791
177 794
518 795
279 798
1333 808
259 809
814 813
132 814
193 815
12 816
818 817
132 818
454 822
824 823
216 824
241 829
359 831
555 832
77 834
837 836
1695 837
258 840
96 842
6 843
783 846
724 847
850 849
179 850
852 851
384 853
216 858
594 859
861 860
196 861
279 862
216 864
216 876
42 877
445 881
216 883
861 885
388 886
32 889
193 890
255 891
390 893
32 894
216 895
663 900
132 901
1164 905
18 906
258 907
326 908
207 909
911 910
122 911
106 912
177 913
35 915
196 924
649 927
216 928
662 929
931 930
332 931
20 932
471 935
597 939
12 940
795 943
597 948
603 949
953 952
1003 953
834 954
132 957
551 960
239 961
351 962
216 964
966 965
207 966
850 967
723 974
18 976
216 978
218 979
42 980
982 981
258 982
106 984
216 985
258 986
258 987
216 990
992 991
651 992
861 996
18 997
6 1000
1002 1001
555 1002
510 1003
164 1004
1082 1005
87 1006
256 1007
716 1009
79 1012
179 1013
543 1014
716 1015
1017 1016
18 1017
34 1020
258 1027
603 1028
207 1029
264 1031
510 1032
198 1040
643 1049
1050 1049
348 1050
501 1053
510 1054
776 1055
17 1058
471 1059
179 1060
216 1061
1064 1063
326 1064
359 1070
25 1071
312 1071
724 1072
1017 1073
1075 1074
196 1075
388 1076
990 1077
2 1078
1082 1081
1531 1082
137 1083
623 1084
216 1087
207 1088
1059 1089
1090 1089
1004 1090
20 1092
962 1099
448 1100
1106 1105
1562 1106
685 1107
239 1111
455 1112
858 1112
160 1115
54 1118
737 1119
1639 1120
96 1126
20 1127
850 1135
196 1139
132 1141
615 1145
132 1146
198 1152
179 1153
388 1157
861 1160
510 1161
83 1164
962 1169
832 1172
948 1173
621 1174
132 1175
597 1180
14 1181
615 1182
164 1185
241 1186
255 1189
207 1191
156 1192
132 1195
216 1197
461 1198
216 1199
454 1200
525 1200
6 1205
179 1206
207 1207
312 1208
377 1212
18 1213
34 1215
894 1217
1218 1217
1084 1218
202 1219
1220 1219
42 1220
264 1220
111 1222
1049 1224
539 1230
137 1231
255 1233
255 1234
175 1238
196 1239
186 1240
533 1241
546 1241
241 1242
117 1245
727 1245
327 1249
12 1252
91 1254
546 1255
1256 1255
193 1261
12 1265
454 1267
581 1268
1175 1269
264 1270
1271 1270
710 1274
1877 1275
216 1276
776 1279
1280 1279
6 1281
1283 1282
348 1283
359 1286
216 1287
876 1288
32 1291
662 1292
691 1295
791 1296
18 1298
454 1300
216 1303
96 1304
501 1309
68 1310
67 1311
258 1312
1314 1313
1418 1314
388 1315
111 1316
130 1317
1319 1318
543 1319
77 1320
710 1329
42 1330
1588 1333
539 1334
46 1338
1339 1338
1689 1339
891 1340
436 1344
12 1345
130 1347
32 1350
46 1351
207 1352
279 1354
531 1355
597 1355
597 1356
207 1357
177 1358
1319 1359
137 1361
992 1364
1164 1365
179 1366
1000 1366
834 1367
18 1370
106 1371
164 1372
12 1373
724 1377
207 1378
982 1379
216 1380
539 1381
207 1383
239 1383
1355 1384
549 1386
216 1387
279 1388
680 1390
46 1394
77 1396
1397 1396
1400 1399
216 1400
603 1405
1212 1407
1031 1408
471 1411
146 1413
196 1415
1417 1416
1418 1416
83 1418
1420 1419
115 1420
716 1421
258 1422
1425 1424
153 1425
198 1426
111 1427
106 1428
516 1429
46 1430
783 1432
279 1433
132 1434
30 1435
224 1436
146 1437
1441 1440
16 1441
395 1442
42 1445
168 1448
1064 1451
348 1452
850 1453
146 1455
196 1456
1314 1457
603 1458
106 1462
638 1463
594 1464
132 1465
581 1466
1283 1467
312 1468
539 1469
195 1470
130 1473
198 1475
179 1476
216 1477
20 1479
348 1481
876 1482
18 1483
691 1484
32 1486
252 1487
130 1488
255 1490
216 1493
179 1495
216 1496
18 1497
35 1499
649 1500
216 1503
198 1504
54 1505
42 1511
603 1512
258 1515
239 1516
6 1520
1106 1521
662 1522
144 1529
49 1533
216 1535
156 1536
196 1538
35 1541
111 1542
132 1545
639 1546
18 1548
258 1549
1550 1549
638 1554
137 1555
352 1556
218 1558
348 1559
239 1560
179 1561
535 1561
106 1562
312 1564
381 1565
117 1566
216 1568
216 1570
484 1572
1573 1572
1749 1573
169 1578
258 1579
718 1581
423 1584
239 1591
20 1593
384 1594
242 1595
256 1596
551 1597
795 1599
990 1602
149 1604
117 1605
144 1613
1615 1614
96 1615
111 1616
193 1617
185 1618
638 1619
1040 1620
352 1622
326 1624
710 1626
1040 1629
196 1633
171 1634
783 1636
216 1637
1638 1637
602 1638
104 1641
196 1641
193 1643
539 1644
486 1645
111 1646
30 1648
388 1648
442 1648
91 1649
218 1651
26 1652
46 1654
114 1656
814 1656
539 1662
1538 1665
111 1666
900 1667
1668 1667
79 1669
377 1673
685 1674
461 1676
436 1677
603 1678
153 1683
14 1685
156 1687
54 1688
982 1691
216 1692
14 1693
20 1696
309 1696
932 1696
216 1697
1699 1698
501 1699
50 1701
1303 1702
486 1703
1032 1705
603 1706
175 1708
326 1711
1599 1712
1314 1713
1049 1714
551 1715
381 1716
1053 1717
1718 1717
156 1720
1314 1724
1418 1726
962 1727
20 1731
20 1732
461 1733
603 1735
492 1736
454 1739
461 1740
279 1741
105 1744
326 1744
551 1745
1283 1746
1749 1748
255 1749
403 1750
461 1751
992 1752
46 1755
861 1756
104 1761
966 1761
352 1763
1314 1767
310 1770
198 1773
381 1776
732 1783
837 1787
602 1788
156 1789
710 1790
533 1794
32 1796
1415 1800
454 1801
948 1803
224 1804
852 1805
20 1806
117 1810
1616 1812
403 1813
6 1814
453 1816
96 1820
229 1822
130 1823
12 1827
14 1828
40 1829
32 1830
106 1832
539 1833
1319 1835
216 1836
12 1838
384 1840
106 1842
111 1846
96 1847
579 1848
852 1848
177 1849
1616 1852
436 1854
328 1857
258 1858
20 1860
579 1863
461 1864
179 1865
91 1868
20 1870
