1 1
2 1
8 1
9 1
397 1
401 1
408 1
851 1
852 1
1 2
2 2
3 2
8 2
9 2
10 2
401 2
408 2
416 2
2 3
3 3
4 3
9 3
10 3
11 3
408 3
416 3
424 3
3 4
4 4
5 4
10 4
11 4
12 4
416 4
424 4
432 4
4 5
5 5
6 5
11 5
12 5
13 5
432 5
738 5
5 6
6 6
7 6
12 6
13 6
14 6
432 6
440 6
448 6
6 7
7 7
13 7
14 7
440 7
448 7
1 8
2 8
8 8
9 8
15 8
16 8
852 8
853 8
1 9
2 9
3 9
8 9
9 9
10 9
15 9
16 9
17 9
2 10
3 10
4 10
9 10
10 10
11 10
16 10
17 10
18 10
3 11
4 11
5 11
10 11
11 11
12 11
17 11
18 11
19 11
4 12
5 12
6 12
11 12
12 12
13 12
18 12
19 12
20 12
731 12
732 12
738 12
5 13
6 13
7 13
12 13
13 13
14 13
19 13
20 13
21 13
6 14
7 14
13 14
14 14
20 14
21 14
8 15
9 15
15 15
16 15
22 15
23 15
853 15
8 16
9 16
10 16
15 16
16 16
17 16
22 16
23 16
24 16
9 17
10 17
11 17
16 17
17 17
18 17
23 17
24 17
25 17
10 18
11 18
12 18
17 18
18 18
19 18
24 18
25 18
26 18
11 19
12 19
13 19
18 19
19 19
20 19
25 19
26 19
27 19
732 19
733 19
12 20
13 20
14 20
19 20
20 20
21 20
26 20
27 20
28 20
13 21
14 21
20 21
21 21
27 21
28 21
15 22
16 22
22 22
23 22
29 22
30 22
15 23
16 23
17 23
22 23
23 23
24 23
29 23
30 23
31 23
16 24
17 24
18 24
23 24
24 24
25 24
30 24
31 24
32 24
17 25
18 25
19 25
24 25
25 25
26 25
31 25
32 25
33 25
18 26
19 26
20 26
25 26
26 26
27 26
32 26
33 26
34 26
733 26
734 26
19 27
20 27
21 27
26 27
27 27
28 27
33 27
34 27
35 27
20 28
21 28
27 28
28 28
34 28
35 28
22 29
23 29
29 29
30 29
36 29
37 29
22 30
23 30
24 30
29 30
30 30
31 30
36 30
37 30
38 30
23 31
24 31
25 31
30 31
31 31
32 31
37 31
38 31
39 31
24 32
25 32
26 32
31 32
32 32
33 32
38 32
39 32
40 32
25 33
26 33
27 33
32 33
33 33
34 33
39 33
40 33
41 33
734 33
735 33
26 34
27 34
28 34
33 34
34 34
35 34
40 34
41 34
42 34
27 35
28 35
34 35
35 35
41 35
42 35
29 36
30 36
36 36
37 36
43 36
44 36
29 37
30 37
31 37
36 37
37 37
38 37
43 37
44 37
45 37
30 38
31 38
32 38
37 38
38 38
39 38
44 38
45 38
46 38
31 39
32 39
33 39
38 39
39 39
40 39
45 39
46 39
47 39
32 40
33 40
34 40
39 40
40 40
41 40
46 40
47 40
48 40
735 40
736 40
33 41
34 41
35 41
40 41
41 41
42 41
47 41
48 41
49 41
34 42
35 42
41 42
42 42
48 42
49 42
36 43
37 43
43 43
44 43
50 43
51 43
36 44
37 44
38 44
43 44
44 44
45 44
50 44
51 44
52 44
37 45
38 45
39 45
44 45
45 45
46 45
51 45
52 45
53 45
38 46
39 46
40 46
45 46
46 46
47 46
52 46
53 46
54 46
39 47
40 47
41 47
46 47
47 47
48 47
53 47
54 47
55 47
736 47
40 48
41 48
42 48
47 48
48 48
49 48
54 48
55 48
56 48
41 49
42 49
48 49
49 49
55 49
56 49
43 50
44 50
50 50
51 50
57 50
58 50
43 51
44 51
45 51
50 51
51 51
52 51
57 51
58 51
59 51
44 52
45 52
46 52
51 52
52 52
53 52
58 52
59 52
60 52
45 53
46 53
47 53
52 53
53 53
54 53
59 53
60 53
61 53
46 54
47 54
48 54
53 54
54 54
55 54
60 54
61 54
62 54
736 54
748 54
47 55
48 55
49 55
54 55
55 55
56 55
61 55
62 55
63 55
48 56
49 56
55 56
56 56
62 56
63 56
50 57
51 57
57 57
58 57
64 57
65 57
50 58
51 58
52 58
57 58
58 58
59 58
64 58
65 58
66 58
51 59
52 59
53 59
58 59
59 59
60 59
65 59
66 59
67 59
52 60
53 60
54 60
59 60
60 60
61 60
66 60
67 60
68 60
53 61
54 61
55 61
60 61
61 61
62 61
67 61
68 61
69 61
747 61
748 61
54 62
55 62
56 62
61 62
62 62
63 62
68 62
69 62
70 62
55 63
56 63
62 63
63 63
69 63
70 63
57 64
58 64
64 64
65 64
71 64
72 64
57 65
58 65
59 65
64 65
65 65
66 65
71 65
72 65
73 65
58 66
59 66
60 66
65 66
66 66
67 66
72 66
73 66
74 66
59 67
60 67
61 67
66 67
67 67
68 67
73 67
74 67
75 67
60 68
61 68
62 68
67 68
68 68
69 68
74 68
75 68
76 68
746 68
747 68
61 69
62 69
63 69
68 69
69 69
70 69
75 69
76 69
77 69
62 70
63 70
69 70
70 70
76 70
77 70
64 71
65 71
71 71
72 71
78 71
79 71
869 71
64 72
65 72
66 72
71 72
72 72
73 72
78 72
79 72
80 72
65 73
66 73
67 73
72 73
73 73
74 73
79 73
80 73
81 73
66 74
67 74
68 74
73 74
74 74
75 74
80 74
81 74
82 74
67 75
68 75
69 75
74 75
75 75
76 75
81 75
82 75
83 75
745 75
746 75
68 76
69 76
70 76
75 76
76 76
77 76
82 76
83 76
84 76
69 77
70 77
76 77
77 77
83 77
84 77
71 78
72 78
78 78
79 78
85 78
86 78
868 78
869 78
71 79
72 79
73 79
78 79
79 79
80 79
85 79
86 79
87 79
72 80
73 80
74 80
79 80
80 80
81 80
86 80
87 80
88 80
73 81
74 81
75 81
80 81
81 81
82 81
87 81
88 81
89 81
74 82
75 82
76 82
81 82
82 82
83 82
88 82
89 82
90 82
744 82
745 82
750 82
75 83
76 83
77 83
82 83
83 83
84 83
89 83
90 83
91 83
76 84
77 84
83 84
84 84
90 84
91 84
78 85
79 85
85 85
86 85
483 85
487 85
494 85
867 85
868 85
78 86
79 86
80 86
85 86
86 86
87 86
487 86
494 86
502 86
79 87
80 87
81 87
86 87
87 87
88 87
494 87
502 87
510 87
80 88
81 88
82 88
87 88
88 88
89 88
502 88
510 88
518 88
81 89
82 89
83 89
88 89
89 89
90 89
518 89
750 89
82 90
83 90
84 90
89 90
90 90
91 90
518 90
526 90
534 90
83 91
84 91
90 91
91 91
526 91
534 91
92 92
93 92
99 92
100 92
483 92
487 92
494 92
887 92
888 92
92 93
93 93
94 93
99 93
100 93
101 93
487 93
494 93
502 93
93 94
94 94
95 94
100 94
101 94
102 94
494 94
502 94
510 94
94 95
95 95
96 95
101 95
102 95
103 95
502 95
510 95
518 95
95 96
96 96
97 96
102 96
103 96
104 96
518 96
763 96
96 97
97 97
98 97
103 97
104 97
105 97
518 97
526 97
534 97
97 98
98 98
104 98
105 98
526 98
534 98
92 99
93 99
99 99
100 99
106 99
107 99
888 99
889 99
92 100
93 100
94 100
99 100
100 100
101 100
106 100
107 100
108 100
93 101
94 101
95 101
100 101
101 101
102 101
107 101
108 101
109 101
94 102
95 102
96 102
101 102
102 102
103 102
108 102
109 102
110 102
95 103
96 103
97 103
102 103
103 103
104 103
109 103
110 103
111 103
756 103
757 103
763 103
96 104
97 104
98 104
103 104
104 104
105 104
110 104
111 104
112 104
97 105
98 105
104 105
105 105
111 105
112 105
99 106
100 106
106 106
107 106
113 106
114 106
889 106
99 107
100 107
101 107
106 107
107 107
108 107
113 107
114 107
115 107
100 108
101 108
102 108
107 108
108 108
109 108
114 108
115 108
116 108
101 109
102 109
103 109
108 109
109 109
110 109
115 109
116 109
117 109
102 110
103 110
104 110
109 110
110 110
111 110
116 110
117 110
118 110
757 110
758 110
103 111
104 111
105 111
110 111
111 111
112 111
117 111
118 111
119 111
104 112
105 112
111 112
112 112
118 112
119 112
106 113
107 113
113 113
114 113
120 113
121 113
106 114
107 114
108 114
113 114
114 114
115 114
120 114
121 114
122 114
107 115
108 115
109 115
114 115
115 115
116 115
121 115
122 115
123 115
108 116
109 116
110 116
115 116
116 116
117 116
122 116
123 116
124 116
109 117
110 117
111 117
116 117
117 117
118 117
123 117
124 117
125 117
758 117
759 117
110 118
111 118
112 118
117 118
118 118
119 118
124 118
125 118
126 118
111 119
112 119
118 119
119 119
125 119
126 119
113 120
114 120
120 120
121 120
127 120
128 120
113 121
114 121
115 121
120 121
121 121
122 121
127 121
128 121
129 121
114 122
115 122
116 122
121 122
122 122
123 122
128 122
129 122
130 122
115 123
116 123
117 123
122 123
123 123
124 123
129 123
130 123
131 123
116 124
117 124
118 124
123 124
124 124
125 124
130 124
131 124
132 124
759 124
760 124
117 125
118 125
119 125
124 125
125 125
126 125
131 125
132 125
133 125
118 126
119 126
125 126
126 126
132 126
133 126
120 127
121 127
127 127
128 127
134 127
135 127
120 128
121 128
122 128
127 128
128 128
129 128
134 128
135 128
136 128
121 129
122 129
123 129
128 129
129 129
130 129
135 129
136 129
137 129
122 130
123 130
124 130
129 130
130 130
131 130
136 130
137 130
138 130
123 131
124 131
125 131
130 131
131 131
132 131
137 131
138 131
139 131
760 131
761 131
124 132
125 132
126 132
131 132
132 132
133 132
138 132
139 132
140 132
125 133
126 133
132 133
133 133
139 133
140 133
127 134
128 134
134 134
135 134
141 134
142 134
127 135
128 135
129 135
134 135
135 135
136 135
141 135
142 135
143 135
128 136
129 136
130 136
135 136
136 136
137 136
142 136
143 136
144 136
129 137
130 137
131 137
136 137
137 137
138 137
143 137
144 137
145 137
130 138
131 138
132 138
137 138
138 138
139 138
144 138
145 138
146 138
761 138
131 139
132 139
133 139
138 139
139 139
140 139
145 139
146 139
147 139
132 140
133 140
139 140
140 140
146 140
147 140
134 141
135 141
141 141
142 141
148 141
149 141
134 142
135 142
136 142
141 142
142 142
143 142
148 142
149 142
150 142
135 143
136 143
137 143
142 143
143 143
144 143
149 143
150 143
151 143
136 144
137 144
138 144
143 144
144 144
145 144
150 144
151 144
152 144
137 145
138 145
139 145
144 145
145 145
146 145
151 145
152 145
153 145
761 145
773 145
138 146
139 146
140 146
145 146
146 146
147 146
152 146
153 146
154 146
139 147
140 147
146 147
147 147
153 147
154 147
141 148
142 148
148 148
149 148
155 148
156 148
141 149
142 149
143 149
148 149
149 149
150 149
155 149
156 149
157 149
142 150
143 150
144 150
149 150
150 150
151 150
156 150
157 150
158 150
143 151
144 151
145 151
150 151
151 151
152 151
157 151
158 151
159 151
144 152
145 152
146 152
151 152
152 152
153 152
158 152
159 152
160 152
772 152
773 152
145 153
146 153
147 153
152 153
153 153
154 153
159 153
160 153
161 153
146 154
147 154
153 154
154 154
160 154
161 154
148 155
149 155
155 155
156 155
162 155
163 155
148 156
149 156
150 156
155 156
156 156
157 156
162 156
163 156
164 156
149 157
150 157
151 157
156 157
157 157
158 157
163 157
164 157
165 157
150 158
151 158
152 158
157 158
158 158
159 158
164 158
165 158
166 158
151 159
152 159
153 159
158 159
159 159
160 159
165 159
166 159
167 159
771 159
772 159
152 160
153 160
154 160
159 160
160 160
161 160
166 160
167 160
168 160
153 161
154 161
160 161
161 161
167 161
168 161
155 162
156 162
162 162
163 162
169 162
170 162
905 162
155 163
156 163
157 163
162 163
163 163
164 163
169 163
170 163
171 163
156 164
157 164
158 164
163 164
164 164
165 164
170 164
171 164
172 164
157 165
158 165
159 165
164 165
165 165
166 165
171 165
172 165
173 165
158 166
159 166
160 166
165 166
166 166
167 166
172 166
173 166
174 166
770 166
771 166
159 167
160 167
161 167
166 167
167 167
168 167
173 167
174 167
175 167
160 168
161 168
167 168
168 168
174 168
175 168
162 169
163 169
169 169
170 169
176 169
177 169
904 169
905 169
162 170
163 170
164 170
169 170
170 170
171 170
176 170
177 170
178 170
163 171
164 171
165 171
170 171
171 171
172 171
177 171
178 171
179 171
164 172
165 172
166 172
171 172
172 172
173 172
178 172
179 172
180 172
165 173
166 173
167 173
172 173
173 173
174 173
179 173
180 173
181 173
769 173
770 173
775 173
166 174
167 174
168 174
173 174
174 174
175 174
180 174
181 174
182 174
167 175
168 175
174 175
175 175
181 175
182 175
169 176
170 176
176 176
177 176
569 176
573 176
580 176
903 176
904 176
169 177
170 177
171 177
176 177
177 177
178 177
573 177
580 177
588 177
170 178
171 178
172 178
177 178
178 178
179 178
580 178
588 178
596 178
171 179
172 179
173 179
178 179
179 179
180 179
588 179
596 179
604 179
172 180
173 180
174 180
179 180
180 180
181 180
604 180
775 180
173 181
174 181
175 181
180 181
181 181
182 181
604 181
612 181
620 181
174 182
175 182
181 182
182 182
612 182
620 182
183 183
184 183
190 183
191 183
569 183
573 183
580 183
923 183
924 183
183 184
184 184
185 184
190 184
191 184
192 184
573 184
580 184
588 184
184 185
185 185
186 185
191 185
192 185
193 185
580 185
588 185
596 185
185 186
186 186
187 186
192 186
193 186
194 186
588 186
596 186
604 186
186 187
187 187
188 187
193 187
194 187
195 187
604 187
788 187
187 188
188 188
189 188
194 188
195 188
196 188
604 188
612 188
620 188
188 189
189 189
195 189
196 189
612 189
620 189
183 190
184 190
190 190
191 190
197 190
198 190
924 190
925 190
183 191
184 191
185 191
190 191
191 191
192 191
197 191
198 191
199 191
184 192
185 192
186 192
191 192
192 192
193 192
198 192
199 192
200 192
185 193
186 193
187 193
192 193
193 193
194 193
199 193
200 193
201 193
186 194
187 194
188 194
193 194
194 194
195 194
200 194
201 194
202 194
781 194
782 194
788 194
187 195
188 195
189 195
194 195
195 195
196 195
201 195
202 195
203 195
188 196
189 196
195 196
196 196
202 196
203 196
190 197
191 197
197 197
198 197
204 197
205 197
925 197
190 198
191 198
192 198
197 198
198 198
199 198
204 198
205 198
206 198
191 199
192 199
193 199
198 199
199 199
200 199
205 199
206 199
207 199
192 200
193 200
194 200
199 200
200 200
201 200
206 200
207 200
208 200
193 201
194 201
195 201
200 201
201 201
202 201
207 201
208 201
209 201
782 201
783 201
194 202
195 202
196 202
201 202
202 202
203 202
208 202
209 202
210 202
195 203
196 203
202 203
203 203
209 203
210 203
197 204
198 204
204 204
205 204
211 204
212 204
197 205
198 205
199 205
204 205
205 205
206 205
211 205
212 205
213 205
198 206
199 206
200 206
205 206
206 206
207 206
212 206
213 206
214 206
199 207
200 207
201 207
206 207
207 207
208 207
213 207
214 207
215 207
200 208
201 208
202 208
207 208
208 208
209 208
214 208
215 208
216 208
783 208
784 208
201 209
202 209
203 209
208 209
209 209
210 209
215 209
216 209
217 209
202 210
203 210
209 210
210 210
216 210
217 210
204 211
205 211
211 211
212 211
218 211
219 211
204 212
205 212
206 212
211 212
212 212
213 212
218 212
219 212
220 212
205 213
206 213
207 213
212 213
213 213
214 213
219 213
220 213
221 213
206 214
207 214
208 214
213 214
214 214
215 214
220 214
221 214
222 214
207 215
208 215
209 215
214 215
215 215
216 215
221 215
222 215
223 215
784 215
785 215
208 216
209 216
210 216
215 216
216 216
217 216
222 216
223 216
224 216
209 217
210 217
216 217
217 217
223 217
224 217
211 218
212 218
218 218
219 218
225 218
226 218
211 219
212 219
213 219
218 219
219 219
220 219
225 219
226 219
227 219
212 220
213 220
214 220
219 220
220 220
221 220
226 220
227 220
228 220
213 221
214 221
215 221
220 221
221 221
222 221
227 221
228 221
229 221
214 222
215 222
216 222
221 222
222 222
223 222
228 222
229 222
230 222
785 222
786 222
215 223
216 223
217 223
222 223
223 223
224 223
229 223
230 223
231 223
216 224
217 224
223 224
224 224
230 224
231 224
218 225
219 225
225 225
226 225
232 225
233 225
218 226
219 226
220 226
225 226
226 226
227 226
232 226
233 226
234 226
219 227
220 227
221 227
226 227
227 227
228 227
233 227
234 227
235 227
220 228
221 228
222 228
227 228
228 228
229 228
234 228
235 228
236 228
221 229
222 229
223 229
228 229
229 229
230 229
235 229
236 229
237 229
786 229
222 230
223 230
224 230
229 230
230 230
231 230
236 230
237 230
238 230
223 231
224 231
230 231
231 231
237 231
238 231
225 232
226 232
232 232
233 232
239 232
240 232
225 233
226 233
227 233
232 233
233 233
234 233
239 233
240 233
241 233
226 234
227 234
228 234
233 234
234 234
235 234
240 234
241 234
242 234
227 235
228 235
229 235
234 235
235 235
236 235
241 235
242 235
243 235
228 236
229 236
230 236
235 236
236 236
237 236
242 236
243 236
244 236
786 236
798 236
229 237
230 237
231 237
236 237
237 237
238 237
243 237
244 237
245 237
230 238
231 238
237 238
238 238
244 238
245 238
232 239
233 239
239 239
240 239
246 239
247 239
232 240
233 240
234 240
239 240
240 240
241 240
246 240
247 240
248 240
233 241
234 241
235 241
240 241
241 241
242 241
247 241
248 241
249 241
234 242
235 242
236 242
241 242
242 242
243 242
248 242
249 242
250 242
235 243
236 243
237 243
242 243
243 243
244 243
249 243
250 243
251 243
797 243
798 243
236 244
237 244
238 244
243 244
244 244
245 244
250 244
251 244
252 244
237 245
238 245
244 245
245 245
251 245
252 245
239 246
240 246
246 246
247 246
253 246
254 246
239 247
240 247
241 247
246 247
247 247
248 247
253 247
254 247
255 247
240 248
241 248
242 248
247 248
248 248
249 248
254 248
255 248
256 248
241 249
242 249
243 249
248 249
249 249
250 249
255 249
256 249
257 249
242 250
243 250
244 250
249 250
250 250
251 250
256 250
257 250
258 250
796 250
797 250
243 251
244 251
245 251
250 251
251 251
252 251
257 251
258 251
259 251
244 252
245 252
251 252
252 252
258 252
259 252
246 253
247 253
253 253
254 253
260 253
261 253
941 253
246 254
247 254
248 254
253 254
254 254
255 254
260 254
261 254
262 254
247 255
248 255
249 255
254 255
255 255
256 255
261 255
262 255
263 255
248 256
249 256
250 256
255 256
256 256
257 256
262 256
263 256
264 256
249 257
250 257
251 257
256 257
257 257
258 257
263 257
264 257
265 257
795 257
796 257
250 258
251 258
252 258
257 258
258 258
259 258
264 258
265 258
266 258
251 259
252 259
258 259
259 259
265 259
266 259
253 260
254 260
260 260
261 260
267 260
268 260
940 260
941 260
253 261
254 261
255 261
260 261
261 261
262 261
267 261
268 261
269 261
254 262
255 262
256 262
261 262
262 262
263 262
268 262
269 262
270 262
255 263
256 263
257 263
262 263
263 263
264 263
269 263
270 263
271 263
256 264
257 264
258 264
263 264
264 264
265 264
270 264
271 264
272 264
794 264
795 264
800 264
257 265
258 265
259 265
264 265
265 265
266 265
271 265
272 265
273 265
258 266
259 266
265 266
266 266
272 266
273 266
260 267
261 267
267 267
268 267
655 267
659 267
666 267
939 267
940 267
260 268
261 268
262 268
267 268
268 268
269 268
659 268
666 268
674 268
261 269
262 269
263 269
268 269
269 269
270 269
666 269
674 269
682 269
262 270
263 270
264 270
269 270
270 270
271 270
674 270
682 270
690 270
263 271
264 271
265 271
270 271
271 271
272 271
690 271
800 271
264 272
265 272
266 272
271 272
272 272
273 272
690 272
698 272
706 272
265 273
266 273
272 273
273 273
698 273
706 273
274 274
275 274
281 274
282 274
655 274
659 274
666 274
954 274
955 274
274 275
275 275
276 275
281 275
282 275
283 275
659 275
666 275
674 275
275 276
276 276
277 276
282 276
283 276
284 276
666 276
674 276
682 276
276 277
277 277
278 277
283 277
284 277
285 277
674 277
682 277
690 277
277 278
278 278
279 278
284 278
285 278
286 278
690 278
812 278
278 279
279 279
280 279
285 279
286 279
287 279
690 279
698 279
706 279
279 280
280 280
286 280
287 280
698 280
706 280
274 281
275 281
281 281
282 281
288 281
289 281
955 281
956 281
274 282
275 282
276 282
281 282
282 282
283 282
288 282
289 282
290 282
275 283
276 283
277 283
282 283
283 283
284 283
289 283
290 283
291 283
276 284
277 284
278 284
283 284
284 284
285 284
290 284
291 284
292 284
277 285
278 285
279 285
284 285
285 285
286 285
291 285
292 285
293 285
806 285
807 285
812 285
278 286
279 286
280 286
285 286
286 286
287 286
292 286
293 286
294 286
279 287
280 287
286 287
287 287
293 287
294 287
281 288
282 288
288 288
289 288
295 288
296 288
956 288
281 289
282 289
283 289
288 289
289 289
290 289
295 289
296 289
297 289
282 290
283 290
284 290
289 290
290 290
291 290
296 290
297 290
298 290
283 291
284 291
285 291
290 291
291 291
292 291
297 291
298 291
299 291
284 292
285 292
286 292
291 292
292 292
293 292
298 292
299 292
300 292
807 292
808 292
285 293
286 293
287 293
292 293
293 293
294 293
299 293
300 293
301 293
286 294
287 294
293 294
294 294
300 294
301 294
288 295
289 295
295 295
296 295
302 295
303 295
288 296
289 296
290 296
295 296
296 296
297 296
302 296
303 296
304 296
289 297
290 297
291 297
296 297
297 297
298 297
303 297
304 297
305 297
290 298
291 298
292 298
297 298
298 298
299 298
304 298
305 298
306 298
291 299
292 299
293 299
298 299
299 299
300 299
305 299
306 299
307 299
808 299
809 299
292 300
293 300
294 300
299 300
300 300
301 300
306 300
307 300
308 300
293 301
294 301
300 301
301 301
307 301
308 301
295 302
296 302
302 302
303 302
309 302
310 302
295 303
296 303
297 303
302 303
303 303
304 303
309 303
310 303
311 303
296 304
297 304
298 304
303 304
304 304
305 304
310 304
311 304
312 304
297 305
298 305
299 305
304 305
305 305
306 305
311 305
312 305
313 305
298 306
299 306
300 306
305 306
306 306
307 306
312 306
313 306
314 306
809 306
810 306
299 307
300 307
301 307
306 307
307 307
308 307
313 307
314 307
315 307
300 308
301 308
307 308
308 308
314 308
315 308
302 309
303 309
309 309
310 309
316 309
317 309
302 310
303 310
304 310
309 310
310 310
311 310
316 310
317 310
318 310
303 311
304 311
305 311
310 311
311 311
312 311
317 311
318 311
319 311
304 312
305 312
306 312
311 312
312 312
313 312
318 312
319 312
320 312
305 313
306 313
307 313
312 313
313 313
314 313
319 313
320 313
321 313
723 313
810 313
306 314
307 314
308 314
313 314
314 314
315 314
320 314
321 314
322 314
307 315
308 315
314 315
315 315
321 315
322 315
309 316
310 316
316 316
317 316
323 316
324 316
309 317
310 317
311 317
316 317
317 317
318 317
323 317
324 317
325 317
310 318
311 318
312 318
317 318
318 318
319 318
324 318
325 318
326 318
311 319
312 319
313 319
318 319
319 319
320 319
325 319
326 319
327 319
312 320
313 320
314 320
319 320
320 320
321 320
326 320
327 320
328 320
723 320
313 321
314 321
315 321
320 321
321 321
322 321
327 321
328 321
329 321
314 322
315 322
321 322
322 322
328 322
329 322
316 323
317 323
323 323
324 323
330 323
331 323
316 324
317 324
318 324
323 324
324 324
325 324
330 324
331 324
332 324
317 325
318 325
319 325
324 325
325 325
326 325
331 325
332 325
333 325
318 326
319 326
320 326
325 326
326 326
327 326
332 326
333 326
334 326
319 327
320 327
321 327
326 327
327 327
328 327
333 327
334 327
335 327
722 327
723 327
320 328
321 328
322 328
327 328
328 328
329 328
334 328
335 328
336 328
321 329
322 329
328 329
329 329
335 329
336 329
323 330
324 330
330 330
331 330
337 330
338 330
323 331
324 331
325 331
330 331
331 331
332 331
337 331
338 331
339 331
324 332
325 332
326 332
331 332
332 332
333 332
338 332
339 332
340 332
325 333
326 333
327 333
332 333
333 333
334 333
339 333
340 333
341 333
326 334
327 334
328 334
333 334
334 334
335 334
340 334
341 334
342 334
721 334
722 334
327 335
328 335
329 335
334 335
335 335
336 335
341 335
342 335
343 335
328 336
329 336
335 336
336 336
342 336
343 336
330 337
331 337
337 337
338 337
344 337
345 337
330 338
331 338
332 338
337 338
338 338
339 338
344 338
345 338
346 338
331 339
332 339
333 339
338 339
339 339
340 339
345 339
346 339
347 339
332 340
333 340
334 340
339 340
340 340
341 340
346 340
347 340
348 340
333 341
334 341
335 341
340 341
341 341
342 341
347 341
348 341
349 341
720 341
721 341
334 342
335 342
336 342
341 342
342 342
343 342
348 342
349 342
350 342
335 343
336 343
342 343
343 343
349 343
350 343
337 344
338 344
344 344
345 344
351 344
352 344
833 344
337 345
338 345
339 345
344 345
345 345
346 345
351 345
352 345
353 345
338 346
339 346
340 346
345 346
346 346
347 346
352 346
353 346
354 346
339 347
340 347
341 347
346 347
347 347
348 347
353 347
354 347
355 347
340 348
341 348
342 348
347 348
348 348
349 348
354 348
355 348
356 348
719 348
720 348
341 349
342 349
343 349
348 349
349 349
350 349
355 349
356 349
357 349
342 350
343 350
349 350
350 350
356 350
357 350
344 351
345 351
351 351
352 351
358 351
359 351
832 351
833 351
344 352
345 352
346 352
351 352
352 352
353 352
358 352
359 352
360 352
345 353
346 353
347 353
352 353
353 353
354 353
359 353
360 353
361 353
346 354
347 354
348 354
353 354
354 354
355 354
360 354
361 354
362 354
347 355
348 355
349 355
354 355
355 355
356 355
361 355
362 355
363 355
718 355
719 355
725 355
348 356
349 356
350 356
355 356
356 356
357 356
362 356
363 356
364 356
349 357
350 357
356 357
357 357
363 357
364 357
351 358
352 358
358 358
359 358
397 358
401 358
408 358
831 358
832 358
351 359
352 359
353 359
358 359
359 359
360 359
401 359
408 359
416 359
352 360
353 360
354 360
359 360
360 360
361 360
408 360
416 360
424 360
353 361
354 361
355 361
360 361
361 361
362 361
416 361
424 361
432 361
354 362
355 362
356 362
361 362
362 362
363 362
432 362
725 362
355 363
356 363
357 363
362 363
363 363
364 363
432 363
440 363
448 363
356 364
357 364
363 364
364 364
440 364
448 364
365 365
366 365
369 365
370 365
455 365
456 365
541 365
542 365
627 365
628 365
813 365
834 365
870 365
906 365
958 365
967 365
979 365
991 365
365 366
366 366
367 366
369 366
370 366
371 366
455 366
456 366
457 366
541 366
542 366
543 366
627 366
628 366
629 366
813 366
834 366
870 366
906 366
958 366
959 366
967 366
968 366
979 366
980 366
991 366
992 366
366 367
367 367
368 367
370 367
371 367
372 367
456 367
457 367
458 367
542 367
543 367
544 367
628 367
629 367
630 367
958 367
959 367
960 367
967 367
968 367
969 367
979 367
980 367
981 367
991 367
992 367
993 367
367 368
368 368
371 368
372 368
457 368
458 368
543 368
544 368
629 368
630 368
957 368
959 368
960 368
968 368
969 368
980 368
981 368
992 368
993 368
365 369
366 369
369 369
370 369
373 369
374 369
813 369
815 369
834 369
836 369
958 369
961 369
967 369
970 369
365 370
366 370
367 370
369 370
370 370
371 370
373 370
374 370
375 370
813 370
815 370
834 370
836 370
958 370
959 370
961 370
962 370
967 370
968 370
970 370
971 370
366 371
367 371
368 371
370 371
371 371
372 371
374 371
375 371
376 371
958 371
959 371
960 371
961 371
962 371
967 371
968 371
969 371
970 371
971 371
367 372
368 372
371 372
372 372
375 372
376 372
957 372
959 372
960 372
962 372
968 372
969 372
971 372
369 373
370 373
373 373
374 373
377 373
378 373
815 373
817 373
836 373
838 373
961 373
965 373
970 373
974 373
369 374
370 374
371 374
373 374
374 374
375 374
377 374
378 374
379 374
815 374
817 374
836 374
838 374
961 374
962 374
965 374
970 374
971 374
974 374
370 375
371 375
372 375
374 375
375 375
376 375
378 375
379 375
380 375
961 375
962 375
965 375
970 375
971 375
974 375
371 376
372 376
375 376
376 376
380 376
373 377
374 377
377 377
378 377
381 377
382 377
817 377
819 377
820 377
822 377
838 377
840 377
842 377
965 377
974 377
373 378
374 378
375 378
377 378
378 378
379 378
381 378
382 378
383 378
817 378
822 378
838 378
842 378
961 378
962 378
965 378
970 378
971 378
974 378
374 379
375 379
378 379
379 379
380 379
383 379
384 379
375 380
376 380
379 380
380 380
384 380
377 381
378 381
381 381
382 381
385 381
386 381
817 381
822 381
825 381
838 381
842 381
845 381
965 381
974 381
377 382
378 382
381 382
382 382
383 382
386 382
387 382
378 383
379 383
382 383
383 383
384 383
387 383
388 383
379 384
380 384
383 384
384 384
388 384
381 385
385 385
386 385
389 385
390 385
822 385
825 385
827 385
842 385
845 385
847 385
381 386
382 386
385 386
386 386
387 386
390 386
391 386
382 387
383 387
386 387
387 387
388 387
391 387
392 387
383 388
384 388
387 388
388 388
392 388
385 389
389 389
390 389
393 389
394 389
825 389
827 389
829 389
845 389
847 389
849 389
385 390
386 390
389 390
390 390
391 390
394 390
395 390
386 391
387 391
390 391
391 391
392 391
395 391
396 391
387 392
388 392
391 392
392 392
396 392
389 393
393 393
394 393
397 393
398 393
827 393
829 393
847 393
849 393
389 394
390 394
393 394
394 394
395 394
398 394
399 394
390 395
391 395
394 395
395 395
396 395
399 395
400 395
391 396
392 396
395 396
396 396
400 396
1 397
358 397
393 397
397 397
398 397
401 397
829 397
831 397
849 397
851 397
393 398
394 398
397 398
398 398
399 398
401 398
402 398
394 399
395 399
398 399
399 399
400 399
402 399
403 399
404 399
395 400
396 400
399 400
400 400
404 400
1 401
2 401
358 401
359 401
397 401
398 401
401 401
402 401
408 401
398 402
399 402
401 402
402 402
403 402
408 402
409 402
410 402
399 403
402 403
403 403
404 403
410 403
411 403
399 404
400 404
403 404
404 404
405 404
411 404
404 405
405 405
406 405
411 405
412 405
405 406
406 406
407 406
412 406
413 406
406 407
407 407
413 407
414 407
415 407
1 408
2 408
3 408
358 408
359 408
360 408
401 408
402 408
408 408
409 408
416 408
402 409
408 409
409 409
410 409
416 409
417 409
402 410
403 410
409 410
410 410
411 410
417 410
418 410
403 411
404 411
405 411
410 411
411 411
412 411
418 411
419 411
405 412
406 412
411 412
412 412
413 412
419 412
420 412
406 413
407 413
412 413
413 413
414 413
420 413
421 413
407 414
413 414
414 414
415 414
421 414
422 414
407 415
414 415
415 415
422 415
423 415
2 416
3 416
4 416
359 416
360 416
361 416
408 416
409 416
416 416
417 416
424 416
409 417
410 417
416 417
417 417
418 417
424 417
425 417
410 418
411 418
417 418
418 418
419 418
425 418
426 418
411 419
412 419
418 419
419 419
420 419
426 419
427 419
412 420
413 420
419 420
420 420
421 420
427 420
428 420
413 421
414 421
420 421
421 421
422 421
428 421
429 421
414 422
415 422
421 422
422 422
423 422
429 422
430 422
415 423
422 423
423 423
430 423
431 423
3 424
4 424
360 424
361 424
416 424
417 424
424 424
425 424
432 424
417 425
418 425
424 425
425 425
426 425
432 425
433 425
418 426
419 426
425 426
426 426
427 426
433 426
434 426
435 426
419 427
420 427
426 427
427 427
428 427
435 427
420 428
421 428
427 428
428 428
429 428
435 428
436 428
421 429
422 429
428 429
429 429
430 429
436 429
437 429
422 430
423 430
429 430
430 430
431 430
437 430
438 430
423 431
430 431
431 431
438 431
439 431
4 432
5 432
6 432
361 432
362 432
363 432
424 432
425 432
432 432
433 432
440 432
441 432
725 432
738 432
425 433
426 433
432 433
433 433
434 433
441 433
442 433
724 433
725 433
737 433
738 433
426 434
433 434
434 434
435 434
442 434
443 434
724 434
737 434
426 435
427 435
428 435
434 435
435 435
436 435
443 435
444 435
716 435
724 435
729 435
737 435
428 436
429 436
435 436
436 436
437 436
444 436
445 436
715 436
716 436
728 436
729 436
429 437
430 437
436 437
437 437
438 437
445 437
446 437
714 437
715 437
727 437
728 437
430 438
431 438
437 438
438 438
439 438
446 438
447 438
713 438
714 438
726 438
727 438
431 439
438 439
439 439
447 439
713 439
726 439
6 440
7 440
363 440
364 440
432 440
440 440
441 440
448 440
449 440
432 441
433 441
440 441
441 441
442 441
449 441
450 441
433 442
434 442
441 442
442 442
443 442
450 442
451 442
434 443
435 443
442 443
443 443
444 443
451 443
452 443
435 444
436 444
443 444
444 444
445 444
452 444
453 444
436 445
437 445
444 445
445 445
446 445
453 445
454 445
437 446
438 446
445 446
446 446
447 446
454 446
438 447
439 447
446 447
447 447
454 447
6 448
7 448
363 448
364 448
440 448
448 448
449 448
440 449
441 449
448 449
449 449
450 449
441 450
442 450
449 450
450 450
451 450
442 451
443 451
450 451
451 451
452 451
443 452
444 452
451 452
452 452
453 452
444 453
445 453
452 453
453 453
454 453
445 454
446 454
447 454
453 454
454 454
365 455
366 455
455 455
456 455
459 455
460 455
834 455
854 455
870 455
872 455
967 455
976 455
979 455
982 455
365 456
366 456
367 456
455 456
456 456
457 456
459 456
460 456
461 456
834 456
854 456
870 456
872 456
967 456
968 456
976 456
977 456
979 456
980 456
982 456
983 456
366 457
367 457
368 457
456 457
457 457
458 457
460 457
461 457
462 457
967 457
968 457
969 457
976 457
977 457
979 457
980 457
981 457
982 457
983 457
367 458
368 458
457 458
458 458
461 458
462 458
957 458
968 458
969 458
977 458
980 458
981 458
983 458
455 459
456 459
459 459
460 459
463 459
464 459
854 459
855 459
872 459
874 459
976 459
978 459
982 459
986 459
455 460
456 460
457 460
459 460
460 460
461 460
463 460
464 460
465 460
854 460
855 460
872 460
874 460
976 460
977 460
978 460
982 460
983 460
986 460
456 461
457 461
458 461
460 461
461 461
462 461
464 461
465 461
466 461
976 461
977 461
978 461
982 461
983 461
986 461
457 462
458 462
461 462
462 462
466 462
459 463
460 463
463 463
464 463
467 463
468 463
855 463
856 463
857 463
858 463
874 463
876 463
878 463
978 463
986 463
459 464
460 464
461 464
463 464
464 464
465 464
467 464
468 464
469 464
855 464
858 464
874 464
878 464
976 464
977 464
978 464
982 464
983 464
986 464
460 465
461 465
464 465
465 465
466 465
469 465
470 465
461 466
462 466
465 466
466 466
470 466
463 467
464 467
467 467
468 467
471 467
472 467
855 467
858 467
861 467
874 467
878 467
881 467
978 467
986 467
463 468
464 468
467 468
468 468
469 468
472 468
473 468
464 469
465 469
468 469
469 469
470 469
473 469
474 469
465 470
466 470
469 470
470 470
474 470
467 471
471 471
472 471
475 471
476 471
858 471
861 471
863 471
878 471
881 471
883 471
467 472
468 472
471 472
472 472
473 472
476 472
477 472
468 473
469 473
472 473
473 473
474 473
477 473
478 473
469 474
470 474
473 474
474 474
478 474
471 475
475 475
476 475
479 475
480 475
861 475
863 475
865 475
881 475
883 475
885 475
471 476
472 476
475 476
476 476
477 476
480 476
481 476
472 477
473 477
476 477
477 477
478 477
481 477
482 477
473 478
474 478
477 478
478 478
482 478
475 479
479 479
480 479
483 479
484 479
863 479
865 479
883 479
885 479
475 480
476 480
479 480
480 480
481 480
484 480
485 480
476 481
477 481
480 481
481 481
482 481
485 481
486 481
477 482
478 482
481 482
482 482
486 482
85 483
92 483
479 483
483 483
484 483
487 483
865 483
867 483
885 483
887 483
479 484
480 484
483 484
484 484
485 484
487 484
488 484
480 485
481 485
484 485
485 485
486 485
488 485
489 485
490 485
481 486
482 486
485 486
486 486
490 486
85 487
86 487
92 487
93 487
483 487
484 487
487 487
488 487
494 487
484 488
485 488
487 488
488 488
489 488
494 488
495 488
496 488
485 489
488 489
489 489
490 489
496 489
497 489
485 490
486 490
489 490
490 490
491 490
497 490
490 491
491 491
492 491
497 491
498 491
491 492
492 492
493 492
498 492
499 492
492 493
493 493
499 493
500 493
501 493
85 494
86 494
87 494
92 494
93 494
94 494
487 494
488 494
494 494
495 494
502 494
488 495
494 495
495 495
496 495
502 495
503 495
488 496
489 496
495 496
496 496
497 496
503 496
504 496
489 497
490 497
491 497
496 497
497 497
498 497
504 497
505 497
491 498
492 498
497 498
498 498
499 498
505 498
506 498
492 499
493 499
498 499
499 499
500 499
506 499
507 499
493 500
499 500
500 500
501 500
507 500
508 500
493 501
500 501
501 501
508 501
509 501
86 502
87 502
88 502
93 502
94 502
95 502
494 502
495 502
502 502
503 502
510 502
495 503
496 503
502 503
503 503
504 503
510 503
511 503
496 504
497 504
503 504
504 504
505 504
511 504
512 504
497 505
498 505
504 505
505 505
506 505
512 505
513 505
498 506
499 506
505 506
506 506
507 506
513 506
514 506
499 507
500 507
506 507
507 507
508 507
514 507
515 507
500 508
501 508
507 508
508 508
509 508
515 508
516 508
501 509
508 509
509 509
516 509
517 509
87 510
88 510
94 510
95 510
502 510
503 510
510 510
511 510
518 510
503 511
504 511
510 511
511 511
512 511
518 511
519 511
504 512
505 512
511 512
512 512
513 512
519 512
520 512
521 512
505 513
506 513
512 513
513 513
514 513
521 513
506 514
507 514
513 514
514 514
515 514
521 514
522 514
507 515
508 515
514 515
515 515
516 515
522 515
523 515
508 516
509 516
515 516
516 516
517 516
523 516
524 516
509 517
516 517
517 517
524 517
525 517
88 518
89 518
90 518
95 518
96 518
97 518
510 518
511 518
518 518
519 518
526 518
527 518
750 518
763 518
511 519
512 519
518 519
519 519
520 519
527 519
528 519
749 519
750 519
762 519
763 519
512 520
519 520
520 520
521 520
528 520
529 520
749 520
762 520
512 521
513 521
514 521
520 521
521 521
522 521
529 521
530 521
742 521
749 521
754 521
762 521
514 522
515 522
521 522
522 522
523 522
530 522
531 522
741 522
742 522
753 522
754 522
515 523
516 523
522 523
523 523
524 523
531 523
532 523
740 523
741 523
752 523
753 523
516 524
517 524
523 524
524 524
525 524
532 524
533 524
739 524
740 524
751 524
752 524
517 525
524 525
525 525
533 525
739 525
751 525
90 526
91 526
97 526
98 526
518 526
526 526
527 526
534 526
535 526
518 527
519 527
526 527
527 527
528 527
535 527
536 527
519 528
520 528
527 528
528 528
529 528
536 528
537 528
520 529
521 529
528 529
529 529
530 529
537 529
538 529
521 530
522 530
529 530
530 530
531 530
538 530
539 530
522 531
523 531
530 531
531 531
532 531
539 531
540 531
523 532
524 532
531 532
532 532
533 532
540 532
524 533
525 533
532 533
533 533
540 533
90 534
91 534
97 534
98 534
526 534
534 534
535 534
526 535
527 535
534 535
535 535
536 535
527 536
528 536
535 536
536 536
537 536
528 537
529 537
536 537
537 537
538 537
529 538
530 538
537 538
538 538
539 538
530 539
531 539
538 539
539 539
540 539
531 540
532 540
533 540
539 540
540 540
365 541
366 541
541 541
542 541
545 541
546 541
870 541
890 541
906 541
908 541
979 541
988 541
991 541
994 541
365 542
366 542
367 542
541 542
542 542
543 542
545 542
546 542
547 542
870 542
890 542
906 542
908 542
979 542
980 542
988 542
989 542
991 542
992 542
994 542
995 542
366 543
367 543
368 543
542 543
543 543
544 543
546 543
547 543
548 543
979 543
980 543
981 543
988 543
989 543
991 543
992 543
993 543
994 543
995 543
367 544
368 544
543 544
544 544
547 544
548 544
957 544
980 544
981 544
989 544
992 544
993 544
995 544
541 545
542 545
545 545
546 545
549 545
550 545
890 545
891 545
908 545
910 545
988 545
990 545
994 545
998 545
541 546
542 546
543 546
545 546
546 546
547 546
549 546
550 546
551 546
890 546
891 546
908 546
910 546
988 546
989 546
990 546
994 546
995 546
998 546
542 547
543 547
544 547
546 547
547 547
548 547
550 547
551 547
552 547
988 547
989 547
990 547
994 547
995 547
998 547
543 548
544 548
547 548
548 548
552 548
545 549
546 549
549 549
550 549
553 549
554 549
891 549
892 549
893 549
894 549
910 549
912 549
914 549
990 549
998 549
545 550
546 550
547 550
549 550
550 550
551 550
553 550
554 550
555 550
891 550
894 550
910 550
914 550
988 550
989 550
990 550
994 550
995 550
998 550
546 551
547 551
550 551
551 551
552 551
555 551
556 551
547 552
548 552
551 552
552 552
556 552
549 553
550 553
553 553
554 553
557 553
558 553
891 553
894 553
897 553
910 553
914 553
917 553
990 553
998 553
549 554
550 554
553 554
554 554
555 554
558 554
559 554
550 555
551 555
554 555
555 555
556 555
559 555
560 555
551 556
552 556
555 556
556 556
560 556
553 557
557 557
558 557
561 557
562 557
894 557
897 557
899 557
914 557
917 557
919 557
553 558
554 558
557 558
558 558
559 558
562 558
563 558
554 559
555 559
558 559
559 559
560 559
563 559
564 559
555 560
556 560
559 560
560 560
564 560
557 561
561 561
562 561
565 561
566 561
897 561
899 561
901 561
917 561
919 561
921 561
557 562
558 562
561 562
562 562
563 562
566 562
567 562
558 563
559 563
562 563
563 563
564 563
567 563
568 563
559 564
560 564
563 564
564 564
568 564
561 565
565 565
566 565
569 565
570 565
899 565
901 565
919 565
921 565
561 566
562 566
565 566
566 566
567 566
570 566
571 566
562 567
563 567
566 567
567 567
568 567
571 567
572 567
563 568
564 568
567 568
568 568
572 568
176 569
183 569
565 569
569 569
570 569
573 569
901 569
903 569
921 569
923 569
565 570
566 570
569 570
570 570
571 570
573 570
574 570
566 571
567 571
570 571
571 571
572 571
574 571
575 571
576 571
567 572
568 572
571 572
572 572
576 572
176 573
177 573
183 573
184 573
569 573
570 573
573 573
574 573
580 573
570 574
571 574
573 574
574 574
575 574
580 574
581 574
582 574
571 575
574 575
575 575
576 575
582 575
583 575
571 576
572 576
575 576
576 576
577 576
583 576
576 577
577 577
578 577
583 577
584 577
577 578
578 578
579 578
584 578
585 578
578 579
579 579
585 579
586 579
587 579
176 580
177 580
178 580
183 580
184 580
185 580
573 580
574 580
580 580
581 580
588 580
574 581
580 581
581 581
582 581
588 581
589 581
574 582
575 582
581 582
582 582
583 582
589 582
590 582
575 583
576 583
577 583
582 583
583 583
584 583
590 583
591 583
577 584
578 584
583 584
584 584
585 584
591 584
592 584
578 585
579 585
584 585
585 585
586 585
592 585
593 585
579 586
585 586
586 586
587 586
593 586
594 586
579 587
586 587
587 587
594 587
595 587
177 588
178 588
179 588
184 588
185 588
186 588
580 588
581 588
588 588
589 588
596 588
581 589
582 589
588 589
589 589
590 589
596 589
597 589
582 590
583 590
589 590
590 590
591 590
597 590
598 590
583 591
584 591
590 591
591 591
592 591
598 591
599 591
584 592
585 592
591 592
592 592
593 592
599 592
600 592
585 593
586 593
592 593
593 593
594 593
600 593
601 593
586 594
587 594
593 594
594 594
595 594
601 594
602 594
587 595
594 595
595 595
602 595
603 595
178 596
179 596
185 596
186 596
588 596
589 596
596 596
597 596
604 596
589 597
590 597
596 597
597 597
598 597
604 597
605 597
590 598
591 598
597 598
598 598
599 598
605 598
606 598
607 598
591 599
592 599
598 599
599 599
600 599
607 599
592 600
593 600
599 600
600 600
601 600
607 600
608 600
593 601
594 601
600 601
601 601
602 601
608 601
609 601
594 602
595 602
601 602
602 602
603 602
609 602
610 602
595 603
602 603
603 603
610 603
611 603
179 604
180 604
181 604
186 604
187 604
188 604
596 604
597 604
604 604
605 604
612 604
613 604
775 604
788 604
597 605
598 605
604 605
605 605
606 605
613 605
614 605
774 605
775 605
787 605
788 605
598 606
605 606
606 606
607 606
614 606
615 606
774 606
787 606
598 607
599 607
600 607
606 607
607 607
608 607
615 607
616 607
767 607
774 607
779 607
787 607
600 608
601 608
607 608
608 608
609 608
616 608
617 608
766 608
767 608
778 608
779 608
601 609
602 609
608 609
609 609
610 609
617 609
618 609
765 609
766 609
777 609
778 609
602 610
603 610
609 610
610 610
611 610
618 610
619 610
764 610
765 610
776 610
777 610
603 611
610 611
611 611
619 611
764 611
776 611
181 612
182 612
188 612
189 612
604 612
612 612
613 612
620 612
621 612
604 613
605 613
612 613
613 613
614 613
621 613
622 613
605 614
606 614
613 614
614 614
615 614
622 614
623 614
606 615
607 615
614 615
615 615
616 615
623 615
624 615
607 616
608 616
615 616
616 616
617 616
624 616
625 616
608 617
609 617
616 617
617 617
618 617
625 617
626 617
609 618
610 618
617 618
618 618
619 618
626 618
610 619
611 619
618 619
619 619
626 619
181 620
182 620
188 620
189 620
612 620
620 620
621 620
612 621
613 621
620 621
621 621
622 621
613 622
614 622
621 622
622 622
623 622
614 623
615 623
622 623
623 623
624 623
615 624
616 624
623 624
624 624
625 624
616 625
617 625
624 625
625 625
626 625
617 626
618 626
619 626
625 626
626 626
365 627
366 627
627 627
628 627
631 627
632 627
813 627
906 627
926 627
942 627
958 627
991 627
1000 627
1003 627
365 628
366 628
367 628
627 628
628 628
629 628
631 628
632 628
633 628
813 628
906 628
926 628
942 628
958 628
959 628
991 628
992 628
1000 628
1001 628
1003 628
1004 628
366 629
367 629
368 629
628 629
629 629
630 629
632 629
633 629
634 629
958 629
959 629
960 629
991 629
992 629
993 629
1000 629
1001 629
1003 629
1004 629
367 630
368 630
629 630
630 630
633 630
634 630
957 630
959 630
960 630
992 630
993 630
1001 630
1004 630
627 631
628 631
631 631
632 631
635 631
636 631
926 631
927 631
942 631
943 631
1000 631
1002 631
1003 631
1005 631
627 632
628 632
629 632
631 632
632 632
633 632
635 632
636 632
637 632
926 632
927 632
942 632
943 632
1000 632
1001 632
1002 632
1003 632
1004 632
1005 632
628 633
629 633
630 633
632 633
633 633
634 633
636 633
637 633
638 633
1000 633
1001 633
1002 633
1003 633
1004 633
1005 633
629 634
630 634
633 634
634 634
638 634
631 635
632 635
635 635
636 635
639 635
640 635
927 635
928 635
929 635
930 635
943 635
944 635
945 635
1002 635
1005 635
631 636
632 636
633 636
635 636
636 636
637 636
639 636
640 636
641 636
927 636
930 636
943 636
945 636
1000 636
1001 636
1002 636
1003 636
1004 636
1005 636
632 637
633 637
636 637
637 637
638 637
641 637
642 637
633 638
634 638
637 638
638 638
642 638
635 639
636 639
639 639
640 639
643 639
644 639
927 639
930 639
933 639
943 639
945 639
948 639
1002 639
1005 639
635 640
636 640
639 640
640 640
641 640
644 640
645 640
636 641
637 641
640 641
641 641
642 641
645 641
646 641
637 642
638 642
641 642
642 642
646 642
639 643
643 643
644 643
647 643
648 643
930 643
933 643
935 643
945 643
948 643
950 643
639 644
640 644
643 644
644 644
645 644
648 644
649 644
640 645
641 645
644 645
645 645
646 645
649 645
650 645
641 646
642 646
645 646
646 646
650 646
643 647
647 647
648 647
651 647
652 647
933 647
935 647
937 647
948 647
950 647
952 647
643 648
644 648
647 648
648 648
649 648
652 648
653 648
644 649
645 649
648 649
649 649
650 649
653 649
654 649
645 650
646 650
649 650
650 650
654 650
647 651
651 651
652 651
655 651
656 651
935 651
937 651
950 651
952 651
647 652
648 652
651 652
652 652
653 652
656 652
657 652
648 653
649 653
652 653
653 653
654 653
657 653
658 653
649 654
650 654
653 654
654 654
658 654
267 655
274 655
651 655
655 655
656 655
659 655
937 655
939 655
952 655
954 655
651 656
652 656
655 656
656 656
657 656
659 656
660 656
652 657
653 657
656 657
657 657
658 657
660 657
661 657
662 657
653 658
654 658
657 658
658 658
662 658
267 659
268 659
274 659
275 659
655 659
656 659
659 659
660 659
666 659
656 660
657 660
659 660
660 660
661 660
666 660
667 660
668 660
657 661
660 661
661 661
662 661
668 661
669 661
657 662
658 662
661 662
662 662
663 662
669 662
662 663
663 663
664 663
669 663
670 663
663 664
664 664
665 664
670 664
671 664
664 665
665 665
671 665
672 665
673 665
267 666
268 666
269 666
274 666
275 666
276 666
659 666
660 666
666 666
667 666
674 666
660 667
666 667
667 667
668 667
674 667
675 667
660 668
661 668
667 668
668 668
669 668
675 668
676 668
661 669
662 669
663 669
668 669
669 669
670 669
676 669
677 669
663 670
664 670
669 670
670 670
671 670
677 670
678 670
664 671
665 671
670 671
671 671
672 671
678 671
679 671
665 672
671 672
672 672
673 672
679 672
680 672
665 673
672 673
673 673
680 673
681 673
268 674
269 674
270 674
275 674
276 674
277 674
666 674
667 674
674 674
675 674
682 674
667 675
668 675
674 675
675 675
676 675
682 675
683 675
668 676
669 676
675 676
676 676
677 676
683 676
684 676
669 677
670 677
676 677
677 677
678 677
684 677
685 677
670 678
671 678
677 678
678 678
679 678
685 678
686 678
671 679
672 679
678 679
679 679
680 679
686 679
687 679
672 680
673 680
679 680
680 680
681 680
687 680
688 680
673 681
680 681
681 681
688 681
689 681
269 682
270 682
276 682
277 682
674 682
675 682
682 682
683 682
690 682
675 683
676 683
682 683
683 683
684 683
690 683
691 683
676 684
677 684
683 684
684 684
685 684
691 684
692 684
693 684
677 685
678 685
684 685
685 685
686 685
693 685
678 686
679 686
685 686
686 686
687 686
693 686
694 686
679 687
680 687
686 687
687 687
688 687
694 687
695 687
680 688
681 688
687 688
688 688
689 688
695 688
696 688
681 689
688 689
689 689
696 689
697 689
270 690
271 690
272 690
277 690
278 690
279 690
682 690
683 690
690 690
691 690
698 690
699 690
800 690
812 690
683 691
684 691
690 691
691 691
692 691
699 691
700 691
799 691
800 691
811 691
812 691
684 692
691 692
692 692
693 692
700 692
701 692
799 692
811 692
684 693
685 693
686 693
692 693
693 693
694 693
701 693
702 693
792 693
799 693
804 693
811 693
686 694
687 694
693 694
694 694
695 694
702 694
703 694
791 694
792 694
803 694
804 694
687 695
688 695
694 695
695 695
696 695
703 695
704 695
790 695
791 695
802 695
803 695
688 696
689 696
695 696
696 696
697 696
704 696
705 696
789 696
790 696
801 696
802 696
689 697
696 697
697 697
705 697
789 697
801 697
272 698
273 698
279 698
280 698
690 698
698 698
699 698
706 698
707 698
690 699
691 699
698 699
699 699
700 699
707 699
708 699
691 700
692 700
699 700
700 700
701 700
708 700
709 700
692 701
693 701
700 701
701 701
702 701
709 701
710 701
693 702
694 702
701 702
702 702
703 702
710 702
711 702
694 703
695 703
702 703
703 703
704 703
711 703
712 703
695 704
696 704
703 704
704 704
705 704
712 704
696 705
697 705
704 705
705 705
712 705
272 706
273 706
279 706
280 706
698 706
706 706
707 706
698 707
699 707
706 707
707 707
708 707
699 708
700 708
707 708
708 708
709 708
700 709
701 709
708 709
709 709
710 709
701 710
702 710
709 710
710 710
711 710
702 711
703 711
710 711
711 711
712 711
703 712
704 712
705 712
711 712
712 712
438 713
439 713
713 713
714 713
437 714
438 714
713 714
714 714
715 714
436 715
437 715
714 715
715 715
716 715
435 716
436 716
715 716
716 716
717 716
724 716
716 717
717 717
718 717
724 717
725 717
355 718
717 718
718 718
719 718
725 718
348 719
355 719
718 719
719 719
720 719
341 720
348 720
719 720
720 720
721 720
334 721
341 721
720 721
721 721
722 721
327 722
334 722
721 722
722 722
723 722
313 723
320 723
327 723
722 723
723 723
810 723
433 724
434 724
435 724
716 724
717 724
724 724
725 724
355 725
362 725
432 725
433 725
717 725
718 725
724 725
725 725
438 726
439 726
726 726
727 726
437 727
438 727
726 727
727 727
728 727
436 728
437 728
727 728
728 728
729 728
435 729
436 729
728 729
729 729
730 729
737 729
729 730
730 730
731 730
737 730
738 730
12 731
730 731
731 731
732 731
738 731
12 732
19 732
731 732
732 732
733 732
19 733
26 733
732 733
733 733
734 733
26 734
33 734
733 734
734 734
735 734
33 735
40 735
734 735
735 735
736 735
40 736
47 736
54 736
735 736
736 736
748 736
433 737
434 737
435 737
729 737
730 737
737 737
738 737
5 738
12 738
432 738
433 738
730 738
731 738
737 738
738 738
524 739
525 739
739 739
740 739
523 740
524 740
739 740
740 740
741 740
522 741
523 741
740 741
741 741
742 741
521 742
522 742
741 742
742 742
743 742
749 742
742 743
743 743
744 743
749 743
750 743
82 744
743 744
744 744
745 744
750 744
75 745
82 745
744 745
745 745
746 745
68 746
75 746
745 746
746 746
747 746
61 747
68 747
746 747
747 747
748 747
54 748
61 748
736 748
747 748
748 748
519 749
520 749
521 749
742 749
743 749
749 749
750 749
82 750
89 750
518 750
519 750
743 750
744 750
749 750
750 750
524 751
525 751
751 751
752 751
523 752
524 752
751 752
752 752
753 752
522 753
523 753
752 753
753 753
754 753
521 754
522 754
753 754
754 754
755 754
762 754
754 755
755 755
756 755
762 755
763 755
103 756
755 756
756 756
757 756
763 756
103 757
110 757
756 757
757 757
758 757
110 758
117 758
757 758
758 758
759 758
117 759
124 759
758 759
759 759
760 759
124 760
131 760
759 760
760 760
761 760
131 761
138 761
145 761
760 761
761 761
773 761
519 762
520 762
521 762
754 762
755 762
762 762
763 762
96 763
103 763
518 763
519 763
755 763
756 763
762 763
763 763
610 764
611 764
764 764
765 764
609 765
610 765
764 765
765 765
766 765
608 766
609 766
765 766
766 766
767 766
607 767
608 767
766 767
767 767
768 767
774 767
767 768
768 768
769 768
774 768
775 768
173 769
768 769
769 769
770 769
775 769
166 770
173 770
769 770
770 770
771 770
159 771
166 771
770 771
771 771
772 771
152 772
159 772
771 772
772 772
773 772
145 773
152 773
761 773
772 773
773 773
605 774
606 774
607 774
767 774
768 774
774 774
775 774
173 775
180 775
604 775
605 775
768 775
769 775
774 775
775 775
610 776
611 776
776 776
777 776
609 777
610 777
776 777
777 777
778 777
608 778
609 778
777 778
778 778
779 778
607 779
608 779
778 779
779 779
780 779
787 779
779 780
780 780
781 780
787 780
788 780
194 781
780 781
781 781
782 781
788 781
194 782
201 782
781 782
782 782
783 782
201 783
208 783
782 783
783 783
784 783
208 784
215 784
783 784
784 784
785 784
215 785
222 785
784 785
785 785
786 785
222 786
229 786
236 786
785 786
786 786
798 786
605 787
606 787
607 787
779 787
780 787
787 787
788 787
187 788
194 788
604 788
605 788
780 788
781 788
787 788
788 788
696 789
697 789
789 789
790 789
695 790
696 790
789 790
790 790
791 790
694 791
695 791
790 791
791 791
792 791
693 792
694 792
791 792
792 792
793 792
799 792
792 793
793 793
794 793
799 793
800 793
264 794
793 794
794 794
795 794
800 794
257 795
264 795
794 795
795 795
796 795
250 796
257 796
795 796
796 796
797 796
243 797
250 797
796 797
797 797
798 797
236 798
243 798
786 798
797 798
798 798
691 799
692 799
693 799
792 799
793 799
799 799
800 799
264 800
271 800
690 800
691 800
793 800
794 800
799 800
800 800
696 801
697 801
801 801
802 801
695 802
696 802
801 802
802 802
803 802
694 803
695 803
802 803
803 803
804 803
693 804
694 804
803 804
804 804
805 804
811 804
804 805
805 805
806 805
811 805
812 805
285 806
805 806
806 806
807 806
812 806
285 807
292 807
806 807
807 807
808 807
292 808
299 808
807 808
808 808
809 808
299 809
306 809
808 809
809 809
810 809
306 810
313 810
723 810
809 810
810 810
691 811
692 811
693 811
804 811
805 811
811 811
812 811
278 812
285 812
690 812
691 812
805 812
806 812
811 812
812 812
365 813
366 813
369 813
370 813
627 813
628 813
813 813
815 813
816 813
942 813
958 813
961 813
963 813
1003 813
814 814
817 814
818 814
824 814
943 814
947 814
966 814
369 815
370 815
373 815
374 815
813 815
815 815
816 815
817 815
958 815
961 815
963 815
965 815
813 816
815 816
816 816
817 816
818 816
942 816
943 816
958 816
961 816
963 816
965 816
966 816
1003 816
1005 816
373 817
374 817
377 817
378 817
381 817
814 817
815 817
816 817
817 817
818 817
819 817
820 817
821 817
822 817
823 817
824 817
961 817
963 817
965 817
966 817
814 818
816 818
817 818
818 818
820 818
821 818
824 818
943 818
944 818
947 818
963 818
965 818
966 818
1005 818
377 819
817 819
819 819
820 819
838 819
840 819
377 820
817 820
818 820
819 820
820 820
821 820
817 821
818 821
820 821
821 821
943 821
944 821
377 822
378 822
381 822
385 822
817 822
822 822
823 822
825 822
826 822
965 822
817 823
822 823
823 823
824 823
825 823
826 823
965 823
814 824
817 824
818 824
823 824
824 824
965 824
966 824
381 825
385 825
389 825
822 825
823 825
825 825
826 825
827 825
828 825
822 826
823 826
825 826
826 826
827 826
828 826
385 827
389 827
393 827
825 827
826 827
827 827
828 827
829 827
830 827
825 828
826 828
827 828
828 828
829 828
830 828
389 829
393 829
397 829
827 829
828 829
829 829
830 829
831 829
832 829
827 830
828 830
829 830
830 830
832 830
833 830
358 831
397 831
829 831
831 831
832 831
351 832
358 832
829 832
830 832
831 832
832 832
833 832
344 833
351 833
830 833
832 833
833 833
365 834
366 834
369 834
370 834
455 834
456 834
834 834
836 834
837 834
854 834
967 834
970 834
972 834
976 834
835 835
838 835
839 835
844 835
855 835
860 835
975 835
369 836
370 836
373 836
374 836
834 836
836 836
837 836
838 836
967 836
970 836
972 836
974 836
834 837
836 837
837 837
838 837
839 837
854 837
855 837
967 837
970 837
972 837
974 837
975 837
976 837
978 837
373 838
374 838
377 838
378 838
381 838
819 838
835 838
836 838
837 838
838 838
839 838
840 838
841 838
842 838
843 838
844 838
970 838
972 838
974 838
975 838
835 839
837 839
838 839
839 839
840 839
841 839
844 839
855 839
857 839
860 839
972 839
974 839
975 839
978 839
377 840
819 840
838 840
839 840
840 840
841 840
838 841
839 841
840 841
841 841
855 841
857 841
377 842
378 842
381 842
385 842
838 842
842 842
843 842
845 842
846 842
974 842
838 843
842 843
843 843
844 843
845 843
846 843
974 843
835 844
838 844
839 844
843 844
844 844
974 844
975 844
381 845
385 845
389 845
842 845
843 845
845 845
846 845
847 845
848 845
842 846
843 846
845 846
846 846
847 846
848 846
385 847
389 847
393 847
845 847
846 847
847 847
848 847
849 847
850 847
845 848
846 848
847 848
848 848
849 848
850 848
389 849
393 849
397 849
847 849
848 849
849 849
850 849
851 849
852 849
847 850
848 850
849 850
850 850
852 850
853 850
1 851
397 851
849 851
851 851
852 851
1 852
8 852
849 852
850 852
851 852
852 852
853 852
8 853
15 853
850 853
852 853
853 853
455 854
456 854
459 854
460 854
834 854
837 854
854 854
855 854
967 854
972 854
976 854
978 854
459 855
460 855
463 855
464 855
467 855
835 855
837 855
839 855
841 855
854 855
855 855
856 855
857 855
858 855
859 855
860 855
972 855
975 855
976 855
978 855
463 856
855 856
856 856
857 856
874 856
876 856
463 857
839 857
841 857
855 857
856 857
857 857
463 858
464 858
467 858
471 858
855 858
858 858
859 858
861 858
862 858
978 858
855 859
858 859
859 859
860 859
861 859
862 859
978 859
835 860
839 860
855 860
859 860
860 860
975 860
978 860
467 861
471 861
475 861
858 861
859 861
861 861
862 861
863 861
864 861
858 862
859 862
861 862
862 862
863 862
864 862
471 863
475 863
479 863
861 863
862 863
863 863
864 863
865 863
866 863
861 864
862 864
863 864
864 864
865 864
866 864
475 865
479 865
483 865
863 865
864 865
865 865
866 865
867 865
868 865
863 866
864 866
865 866
866 866
868 866
869 866
85 867
483 867
865 867
867 867
868 867
78 868
85 868
865 868
866 868
867 868
868 868
869 868
71 869
78 869
866 869
868 869
869 869
365 870
366 870
455 870
456 870
541 870
542 870
870 870
872 870
873 870
890 870
979 870
982 870
984 870
988 870
871 871
874 871
875 871
880 871
891 871
896 871
987 871
455 872
456 872
459 872
460 872
870 872
872 872
873 872
874 872
979 872
982 872
984 872
986 872
870 873
872 873
873 873
874 873
875 873
890 873
891 873
979 873
982 873
984 873
986 873
987 873
988 873
990 873
459 874
460 874
463 874
464 874
467 874
856 874
871 874
872 874
873 874
874 874
875 874
876 874
877 874
878 874
879 874
880 874
982 874
984 874
986 874
987 874
871 875
873 875
874 875
875 875
876 875
877 875
880 875
891 875
893 875
896 875
984 875
986 875
987 875
990 875
463 876
856 876
874 876
875 876
876 876
877 876
874 877
875 877
876 877
877 877
891 877
893 877
463 878
464 878
467 878
471 878
874 878
878 878
879 878
881 878
882 878
986 878
874 879
878 879
879 879
880 879
881 879
882 879
986 879
871 880
874 880
875 880
879 880
880 880
986 880
987 880
467 881
471 881
475 881
878 881
879 881
881 881
882 881
883 881
884 881
878 882
879 882
881 882
882 882
883 882
884 882
471 883
475 883
479 883
881 883
882 883
883 883
884 883
885 883
886 883
881 884
882 884
883 884
884 884
885 884
886 884
475 885
479 885
483 885
883 885
884 885
885 885
886 885
887 885
888 885
883 886
884 886
885 886
886 886
888 886
889 886
92 887
483 887
885 887
887 887
888 887
92 888
99 888
885 888
886 888
887 888
888 888
889 888
99 889
106 889
886 889
888 889
889 889
541 890
542 890
545 890
546 890
870 890
873 890
890 890
891 890
979 890
984 890
988 890
990 890
545 891
546 891
549 891
550 891
553 891
871 891
873 891
875 891
877 891
890 891
891 891
892 891
893 891
894 891
895 891
896 891
984 891
987 891
988 891
990 891
549 892
891 892
892 892
893 892
910 892
912 892
549 893
875 893
877 893
891 893
892 893
893 893
549 894
550 894
553 894
557 894
891 894
894 894
895 894
897 894
898 894
990 894
891 895
894 895
895 895
896 895
897 895
898 895
990 895
871 896
875 896
891 896
895 896
896 896
987 896
990 896
553 897
557 897
561 897
894 897
895 897
897 897
898 897
899 897
900 897
894 898
895 898
897 898
898 898
899 898
900 898
557 899
561 899
565 899
897 899
898 899
899 899
900 899
901 899
902 899
897 900
898 900
899 900
900 900
901 900
902 900
561 901
565 901
569 901
899 901
900 901
901 901
902 901
903 901
904 901
899 902
900 902
901 902
902 902
904 902
905 902
176 903
569 903
901 903
903 903
904 903
169 904
176 904
901 904
902 904
903 904
904 904
905 904
162 905
169 905
902 905
904 905
905 905
365 906
366 906
541 906
542 906
627 906
628 906
906 906
908 906
909 906
926 906
991 906
994 906
996 906
1000 906
907 907
910 907
911 907
916 907
927 907
932 907
999 907
541 908
542 908
545 908
546 908
906 908
908 908
909 908
910 908
991 908
994 908
996 908
998 908
906 909
908 909
909 909
910 909
911 909
926 909
927 909
991 909
994 909
996 909
998 909
999 909
1000 909
1002 909
545 910
546 910
549 910
550 910
553 910
892 910
907 910
908 910
909 910
910 910
911 910
912 910
913 910
914 910
915 910
916 910
994 910
996 910
998 910
999 910
907 911
909 911
910 911
911 911
912 911
913 911
916 911
927 911
929 911
932 911
996 911
998 911
999 911
1002 911
549 912
892 912
910 912
911 912
912 912
913 912
910 913
911 913
912 913
913 913
927 913
929 913
549 914
550 914
553 914
557 914
910 914
914 914
915 914
917 914
918 914
998 914
910 915
914 915
915 915
916 915
917 915
918 915
998 915
907 916
910 916
911 916
915 916
916 916
998 916
999 916
553 917
557 917
561 917
914 917
915 917
917 917
918 917
919 917
920 917
914 918
915 918
917 918
918 918
919 918
920 918
557 919
561 919
565 919
917 919
918 919
919 919
920 919
921 919
922 919
917 920
918 920
919 920
920 920
921 920
922 920
561 921
565 921
569 921
919 921
920 921
921 921
922 921
923 921
924 921
919 922
920 922
921 922
922 922
924 922
925 922
183 923
569 923
921 923
923 923
924 923
183 924
190 924
921 924
922 924
923 924
924 924
925 924
190 925
197 925
922 925
924 925
925 925
627 926
628 926
631 926
632 926
906 926
909 926
926 926
927 926
991 926
996 926
1000 926
1002 926
631 927
632 927
635 927
636 927
639 927
907 927
909 927
911 927
913 927
926 927
927 927
928 927
929 927
930 927
931 927
932 927
996 927
999 927
1000 927
1002 927
635 928
927 928
928 928
929 928
943 928
944 928
635 929
911 929
913 929
927 929
928 929
929 929
635 930
636 930
639 930
643 930
927 930
930 930
931 930
933 930
934 930
1002 930
927 931
930 931
931 931
932 931
933 931
934 931
1002 931
907 932
911 932
927 932
931 932
932 932
999 932
1002 932
639 933
643 933
647 933
930 933
931 933
933 933
934 933
935 933
936 933
930 934
931 934
933 934
934 934
935 934
936 934
643 935
647 935
651 935
933 935
934 935
935 935
936 935
937 935
938 935
933 936
934 936
935 936
936 936
937 936
938 936
647 937
651 937
655 937
935 937
936 937
937 937
938 937
939 937
940 937
935 938
936 938
937 938
938 938
940 938
941 938
267 939
655 939
937 939
939 939
940 939
260 940
267 940
937 940
938 940
939 940
940 940
941 940
253 941
260 941
938 941
940 941
941 941
627 942
628 942
631 942
632 942
813 942
816 942
942 942
943 942
958 942
963 942
1003 942
1005 942
631 943
632 943
635 943
636 943
639 943
814 943
816 943
818 943
821 943
928 943
942 943
943 943
944 943
945 943
946 943
947 943
963 943
966 943
1003 943
1005 943
635 944
818 944
821 944
928 944
943 944
944 944
635 945
636 945
639 945
643 945
943 945
945 945
946 945
948 945
949 945
1005 945
943 946
945 946
946 946
947 946
948 946
949 946
1005 946
814 947
818 947
943 947
946 947
947 947
966 947
1005 947
639 948
643 948
647 948
945 948
946 948
948 948
949 948
950 948
951 948
945 949
946 949
948 949
949 949
950 949
951 949
643 950
647 950
651 950
948 950
949 950
950 950
951 950
952 950
953 950
948 951
949 951
950 951
951 951
952 951
953 951
647 952
651 952
655 952
950 952
951 952
952 952
953 952
954 952
955 952
950 953
951 953
952 953
953 953
955 953
956 953
274 954
655 954
952 954
954 954
955 954
274 955
281 955
952 955
953 955
954 955
955 955
956 955
281 956
288 956
953 956
955 956
956 956
368 957
372 957
458 957
544 957
630 957
957 957
960 957
969 957
981 957
993 957
365 958
366 958
367 958
369 958
370 958
371 958
627 958
628 958
629 958
813 958
815 958
816 958
942 958
958 958
959 958
961 958
962 958
963 958
964 958
1003 958
1004 958
366 959
367 959
368 959
370 959
371 959
372 959
628 959
629 959
630 959
958 959
959 959
960 959
961 959
962 959
963 959
964 959
1003 959
1004 959
367 960
368 960
371 960
372 960
629 960
630 960
957 960
959 960
960 960
962 960
964 960
1004 960
369 961
370 961
371 961
373 961
374 961
375 961
378 961
813 961
815 961
816 961
817 961
958 961
959 961
961 961
962 961
963 961
964 961
965 961
966 961
370 962
371 962
372 962
374 962
375 962
378 962
958 962
959 962
960 962
961 962
962 962
963 962
964 962
965 962
966 962
813 963
815 963
816 963
817 963
818 963
942 963
943 963
958 963
959 963
961 963
962 963
963 963
964 963
965 963
966 963
1003 963
1004 963
1005 963
958 964
959 964
960 964
961 964
962 964
963 964
964 964
965 964
966 964
1003 964
1004 964
1005 964
373 965
374 965
375 965
377 965
378 965
381 965
815 965
816 965
817 965
818 965
822 965
823 965
824 965
961 965
962 965
963 965
964 965
965 965
966 965
814 966
816 966
817 966
818 966
824 966
943 966
947 966
961 966
962 966
963 966
964 966
965 966
966 966
1003 966
1004 966
1005 966
365 967
366 967
367 967
369 967
370 967
371 967
455 967
456 967
457 967
834 967
836 967
837 967
854 967
967 967
968 967
970 967
971 967
972 967
973 967
976 967
977 967
366 968
367 968
368 968
370 968
371 968
372 968
456 968
457 968
458 968
967 968
968 968
969 968
970 968
971 968
972 968
973 968
976 968
977 968
367 969
368 969
371 969
372 969
457 969
458 969
957 969
968 969
969 969
971 969
973 969
977 969
369 970
370 970
371 970
373 970
374 970
375 970
378 970
834 970
836 970
837 970
838 970
967 970
968 970
970 970
971 970
972 970
973 970
974 970
975 970
370 971
371 971
372 971
374 971
375 971
378 971
967 971
968 971
969 971
970 971
971 971
972 971
973 971
974 971
975 971
834 972
836 972
837 972
838 972
839 972
854 972
855 972
967 972
968 972
970 972
971 972
972 972
973 972
974 972
975 972
976 972
977 972
978 972
967 973
968 973
969 973
970 973
971 973
972 973
973 973
974 973
975 973
976 973
977 973
978 973
373 974
374 974
375 974
377 974
378 974
381 974
836 974
837 974
838 974
839 974
842 974
843 974
844 974
970 974
971 974
972 974
973 974
974 974
975 974
835 975
837 975
838 975
839 975
844 975
855 975
860 975
970 975
971 975
972 975
973 975
974 975
975 975
976 975
977 975
978 975
455 976
456 976
457 976
459 976
460 976
461 976
464 976
834 976
837 976
854 976
855 976
967 976
968 976
972 976
973 976
975 976
976 976
977 976
978 976
456 977
457 977
458 977
460 977
461 977
464 977
967 977
968 977
969 977
972 977
973 977
975 977
976 977
977 977
978 977
459 978
460 978
461 978
463 978
464 978
467 978
837 978
839 978
854 978
855 978
858 978
859 978
860 978
972 978
973 978
975 978
976 978
977 978
978 978
365 979
366 979
367 979
455 979
456 979
457 979
541 979
542 979
543 979
870 979
872 979
873 979
890 979
979 979
980 979
982 979
983 979
984 979
985 979
988 979
989 979
366 980
367 980
368 980
456 980
457 980
458 980
542 980
543 980
544 980
979 980
980 980
981 980
982 980
983 980
984 980
985 980
988 980
989 980
367 981
368 981
457 981
458 981
543 981
544 981
957 981
980 981
981 981
983 981
985 981
989 981
455 982
456 982
457 982
459 982
460 982
461 982
464 982
870 982
872 982
873 982
874 982
979 982
980 982
982 982
983 982
984 982
985 982
986 982
987 982
456 983
457 983
458 983
460 983
461 983
464 983
979 983
980 983
981 983
982 983
983 983
984 983
985 983
986 983
987 983
870 984
872 984
873 984
874 984
875 984
890 984
891 984
979 984
980 984
982 984
983 984
984 984
985 984
986 984
987 984
988 984
989 984
990 984
979 985
980 985
981 985
982 985
983 985
984 985
985 985
986 985
987 985
988 985
989 985
990 985
459 986
460 986
461 986
463 986
464 986
467 986
872 986
873 986
874 986
875 986
878 986
879 986
880 986
982 986
983 986
984 986
985 986
986 986
987 986
871 987
873 987
874 987
875 987
880 987
891 987
896 987
982 987
983 987
984 987
985 987
986 987
987 987
988 987
989 987
990 987
541 988
542 988
543 988
545 988
546 988
547 988
550 988
870 988
873 988
890 988
891 988
979 988
980 988
984 988
985 988
987 988
988 988
989 988
990 988
542 989
543 989
544 989
546 989
547 989
550 989
979 989
980 989
981 989
984 989
985 989
987 989
988 989
989 989
990 989
545 990
546 990
547 990
549 990
550 990
553 990
873 990
875 990
890 990
891 990
894 990
895 990
896 990
984 990
985 990
987 990
988 990
989 990
990 990
365 991
366 991
367 991
541 991
542 991
543 991
627 991
628 991
629 991
906 991
908 991
909 991
926 991
991 991
992 991
994 991
995 991
996 991
997 991
1000 991
1001 991
366 992
367 992
368 992
542 992
543 992
544 992
628 992
629 992
630 992
991 992
992 992
993 992
994 992
995 992
996 992
997 992
1000 992
1001 992
367 993
368 993
543 993
544 993
629 993
630 993
957 993
992 993
993 993
995 993
997 993
1001 993
541 994
542 994
543 994
545 994
546 994
547 994
550 994
906 994
908 994
909 994
910 994
991 994
992 994
994 994
995 994
996 994
997 994
998 994
999 994
542 995
543 995
544 995
546 995
547 995
550 995
991 995
992 995
993 995
994 995
995 995
996 995
997 995
998 995
999 995
906 996
908 996
909 996
910 996
911 996
926 996
927 996
991 996
992 996
994 996
995 996
996 996
997 996
998 996
999 996
1000 996
1001 996
1002 996
991 997
992 997
993 997
994 997
995 997
996 997
997 997
998 997
999 997
1000 997
1001 997
1002 997
545 998
546 998
547 998
549 998
550 998
553 998
908 998
909 998
910 998
911 998
914 998
915 998
916 998
994 998
995 998
996 998
997 998
998 998
999 998
907 999
909 999
910 999
911 999
916 999
927 999
932 999
994 999
995 999
996 999
997 999
998 999
999 999
1000 999
1001 999
1002 999
627 1000
628 1000
629 1000
631 1000
632 1000
633 1000
636 1000
906 1000
909 1000
926 1000
927 1000
991 1000
992 1000
996 1000
997 1000
999 1000
1000 1000
1001 1000
1002 1000
628 1001
629 1001
630 1001
632 1001
633 1001
636 1001
991 1001
992 1001
993 1001
996 1001
997 1001
999 1001
1000 1001
1001 1001
1002 1001
631 1002
632 1002
633 1002
635 1002
636 1002
639 1002
909 1002
911 1002
926 1002
927 1002
930 1002
931 1002
932 1002
996 1002
997 1002
999 1002
1000 1002
1001 1002
1002 1002
627 1003
628 1003
629 1003
631 1003
632 1003
633 1003
636 1003
813 1003
816 1003
942 1003
943 1003
958 1003
959 1003
963 1003
964 1003
966 1003
1003 1003
1004 1003
1005 1003
628 1004
629 1004
630 1004
632 1004
633 1004
636 1004
958 1004
959 1004
960 1004
963 1004
964 1004
966 1004
1003 1004
1004 1004
1005 1004
631 1005
632 1005
633 1005
635 1005
636 1005
639 1005
816 1005
818 1005
942 1005
943 1005
945 1005
946 1005
947 1005
963 1005
964 1005
966 1005
1003 1005
1004 1005
1005 1005
