2 1
3 1
4 1
5 1
6 1
7 1
8 1
9 1
10 1
11 1
12 1
13 1
14 1
15 1
16 1
17 1
18 1
19 1
20 1
21 1
22 1
23 1
24 1
25 1
26 1
27 1
28 1
29 1
30 1
31 1
1 2
3 2
4 2
6 2
7 2
8 2
9 2
10 2
11 2
13 2
16 2
18 2
19 2
20 2
22 2
24 2
32 2
33 2
34 2
35 2
36 2
37 2
38 2
1 3
2 3
4 3
6 3
7 3
8 3
9 3
11 3
12 3
13 3
16 3
18 3
19 3
20 3
21 3
22 3
23 3
27 3
28 3
34 3
39 3
40 3
41 3
42 3
43 3
44 3
45 3
46 3
47 3
48 3
49 3
50 3
51 3
52 3
53 3
54 3
55 3
56 3
1 4
2 4
3 4
11 4
22 4
46 4
57 4
58 4
59 4
60 4
61 4
62 4
63 4
64 4
65 4
66 4
67 4
68 4
69 4
70 4
71 4
72 4
1 5
6 5
13 5
73 5
74 5
75 5
76 5
77 5
78 5
79 5
1 6
2 6
3 6
5 6
7 6
8 6
13 6
16 6
18 6
22 6
27 6
28 6
34 6
80 6
81 6
82 6
83 6
84 6
85 6
86 6
87 6
1 7
2 7
3 7
6 7
9 7
10 7
13 7
15 7
16 7
19 7
22 7
28 7
76 7
88 7
89 7
90 7
91 7
92 7
93 7
94 7
95 7
96 7
97 7
98 7
99 7
100 7
1 8
2 8
3 8
6 8
22 8
28 8
101 8
102 8
1 9
2 9
3 9
7 9
10 9
13 9
16 9
21 9
22 9
24 9
30 9
41 9
103 9
104 9
105 9
106 9
107 9
1 10
2 10
7 10
9 10
16 10
24 10
30 10
34 10
70 10
108 10
109 10
110 10
111 10
112 10
113 10
114 10
115 10
116 10
117 10
118 10
119 10
120 10
121 10
122 10
123 10
124 10
125 10
126 10
127 10
128 10
129 10
130 10
1 11
2 11
3 11
4 11
18 11
19 11
20 11
22 11
25 11
27 11
45 11
73 11
131 11
132 11
133 11
134 11
135 11
136 11
137 11
138 11
1 12
3 12
84 12
139 12
140 12
141 12
142 12
143 12
144 12
145 12
146 12
147 12
148 12
149 12
150 12
151 12
152 12
153 12
1 13
2 13
3 13
5 13
6 13
7 13
9 13
14 13
16 13
18 13
22 13
24 13
28 13
45 13
69 13
76 13
106 13
153 13
154 13
155 13
156 13
157 13
158 13
159 13
160 13
1 14
13 14
15 14
16 14
24 14
33 14
34 14
80 14
107 14
110 14
112 14
123 14
124 14
136 14
161 14
162 14
163 14
164 14
165 14
166 14
167 14
168 14
169 14
170 14
171 14
172 14
173 14
174 14
175 14
176 14
177 14
178 14
179 14
180 14
181 14
182 14
1 15
7 15
14 15
23 15
33 15
34 15
76 15
93 15
124 15
168 15
183 15
184 15
185 15
186 15
187 15
188 15
189 15
190 15
191 15
1 16
2 16
3 16
6 16
7 16
9 16
10 16
13 16
14 16
24 16
30 16
33 16
34 16
56 16
77 16
105 16
108 16
123 16
127 16
129 16
192 16
193 16
194 16
195 16
196 16
197 16
198 16
199 16
200 16
201 16
202 16
203 16
204 16
205 16
206 16
207 16
208 16
209 16
210 16
211 16
212 16
213 16
214 16
215 16
216 16
217 16
218 16
219 16
220 16
221 16
222 16
1 17
24 17
34 17
115 17
223 17
224 17
225 17
1 18
2 18
3 18
6 18
11 18
13 18
19 18
21 18
22 18
23 18
25 18
26 18
27 18
38 18
39 18
226 18
227 18
228 18
1 19
2 19
3 19
7 19
11 19
18 19
20 19
27 19
38 19
41 19
70 19
82 19
86 19
120 19
137 19
186 19
229 19
230 19
231 19
232 19
233 19
234 19
235 19
236 19
237 19
238 19
239 19
240 19
1 20
2 20
3 20
11 20
19 20
22 20
41 20
43 20
50 20
81 20
106 20
228 20
233 20
241 20
242 20
243 20
244 20
1 21
3 21
9 21
18 21
23 21
25 21
39 21
40 21
41 21
46 21
47 21
50 21
54 21
55 21
59 21
91 21
103 21
104 21
105 21
107 21
157 21
206 21
210 21
214 21
223 21
239 21
245 21
246 21
247 21
248 21
249 21
250 21
251 21
252 21
253 21
254 21
255 21
256 21
257 21
258 21
259 21
260 21
261 21
1 22
2 22
3 22
4 22
6 22
7 22
8 22
9 22
11 22
13 22
18 22
20 22
27 22
32 22
38 22
1 23
3 23
15 23
18 23
21 23
25 23
38 23
39 23
42 23
43 23
44 23
45 23
46 23
50 23
54 23
80 23
97 23
134 23
135 23
143 23
182 23
196 23
203 23
227 23
230 23
240 23
246 23
255 23
262 23
263 23
264 23
265 23
266 23
267 23
268 23
269 23
270 23
271 23
272 23
273 23
274 23
275 23
276 23
277 23
278 23
279 23
280 23
281 23
282 23
283 23
284 23
1 24
2 24
9 24
10 24
13 24
14 24
16 24
17 24
30 24
33 24
34 24
58 24
70 24
108 24
109 24
110 24
112 24
115 24
116 24
119 24
120 24
121 24
124 24
167 24
168 24
174 24
176 24
182 24
263 24
285 24
286 24
287 24
288 24
289 24
290 24
291 24
292 24
293 24
294 24
295 24
296 24
297 24
1 25
11 25
18 25
21 25
23 25
26 25
39 25
60 25
62 25
126 25
227 25
238 25
265 25
287 25
298 25
299 25
300 25
301 25
302 25
303 25
1 26
18 26
25 26
1 27
3 27
6 27
11 27
18 27
19 27
22 27
38 27
70 27
86 27
95 27
186 27
230 27
232 27
235 27
238 27
275 27
304 27
305 27
306 27
307 27
1 28
3 28
6 28
7 28
8 28
13 28
34 28
182 28
233 28
280 28
308 28
309 28
1 29
147 29
310 29
311 29
312 29
313 29
314 29
315 29
316 29
1 30
9 30
10 30
16 30
24 30
34 30
49 30
178 30
194 30
196 30
200 30
201 30
211 30
218 30
317 30
318 30
319 30
320 30
321 30
322 30
323 30
324 30
325 30
326 30
327 30
328 30
1 31
45 31
54 31
104 31
157 31
202 31
241 31
245 31
251 31
259 31
329 31
330 31
331 31
332 31
333 31
334 31
335 31
336 31
337 31
338 31
339 31
340 31
2 32
22 32
341 32
2 33
14 33
15 33
16 33
24 33
34 33
120 33
169 33
2 34
3 34
6 34
10 34
14 34
15 34
16 34
17 34
24 34
28 34
30 34
33 34
55 34
70 34
108 34
182 34
308 34
342 34
343 34
2 35
2 36
2 37
2 38
18 38
19 38
22 38
23 38
27 38
51 38
231 38
233 38
237 38
241 38
254 38
270 38
275 38
330 38
344 38
345 38
346 38
347 38
348 38
349 38
350 38
351 38
352 38
353 38
3 39
18 39
21 39
23 39
25 39
41 39
42 39
43 39
45 39
46 39
50 39
52 39
105 39
107 39
227 39
240 39
245 39
246 39
250 39
265 39
313 39
314 39
332 39
354 39
355 39
356 39
357 39
358 39
3 40
21 40
42 40
46 40
47 40
49 40
54 40
55 40
56 40
58 40
105 40
157 40
203 40
268 40
293 40
336 40
354 40
355 40
359 40
360 40
361 40
362 40
363 40
364 40
365 40
366 40
367 40
3 41
9 41
19 41
20 41
21 41
39 41
46 41
47 41
48 41
50 41
51 41
54 41
62 41
87 41
94 41
103 41
106 41
134 41
135 41
191 41
194 41
210 41
235 41
238 41
245 41
246 41
247 41
250 41
260 41
262 41
270 41
332 41
334 41
353 41
354 41
355 41
358 41
368 41
369 41
370 41
371 41
372 41
373 41
374 41
375 41
376 41
377 41
378 41
379 41
3 42
23 42
39 42
40 42
44 42
45 42
50 42
84 42
104 42
105 42
134 42
157 42
245 42
271 42
303 42
314 42
332 42
333 42
335 42
337 42
338 42
354 42
355 42
356 42
372 42
378 42
380 42
381 42
382 42
383 42
384 42
385 42
386 42
387 42
388 42
389 42
390 42
391 42
392 42
393 42
394 42
395 42
396 42
397 42
398 42
399 42
400 42
401 42
402 42
403 42
404 42
3 43
20 43
23 43
39 43
46 43
230 43
240 43
269 43
282 43
405 43
3 44
23 44
42 44
52 44
135 44
332 44
341 44
383 44
386 44
406 44
407 44
408 44
409 44
410 44
411 44
412 44
413 44
414 44
3 45
11 45
13 45
23 45
31 45
39 45
42 45
50 45
54 45
73 45
133 45
191 45
227 45
251 45
259 45
333 45
349 45
355 45
362 45
399 45
415 45
416 45
417 45
418 45
419 45
420 45
421 45
422 45
423 45
424 45
425 45
3 46
4 46
21 46
23 46
39 46
40 46
41 46
43 46
48 46
52 46
57 46
58 46
59 46
62 46
64 46
66 46
68 46
69 46
71 46
72 46
81 46
241 46
246 46
282 46
351 46
354 46
373 46
399 46
414 46
426 46
427 46
428 46
429 46
430 46
431 46
432 46
3 47
21 47
40 47
41 47
104 47
337 47
433 47
3 48
41 48
46 48
296 48
332 48
367 48
434 48
3 49
30 49
40 49
54 49
55 49
56 49
76 49
79 49
92 49
105 49
116 49
128 49
185 49
201 49
202 49
206 49
213 49
241 49
269 49
274 49
293 49
303 49
317 49
321 49
322 49
325 49
327 49
328 49
344 49
361 49
363 49
390 49
435 49
436 49
437 49
438 49
439 49
440 49
441 49
442 49
3 50
20 50
21 50
23 50
39 50
41 50
42 50
45 50
52 50
81 50
191 50
228 50
241 50
245 50
259 50
271 50
314 50
324 50
333 50
338 50
354 50
367 50
368 50
404 50
443 50
444 50
3 51
38 51
41 51
54 51
56 51
105 51
257 51
269 51
278 51
338 51
340 51
353 51
354 51
366 51
368 51
445 51
446 51
447 51
448 51
449 51
450 51
451 51
3 52
39 52
44 52
46 52
50 52
81 52
128 52
133 52
135 52
146 52
157 52
182 52
228 52
241 52
248 52
254 52
269 52
287 52
316 52
333 52
335 52
340 52
351 52
362 52
365 52
367 52
402 52
413 52
452 52
453 52
454 52
455 52
456 52
457 52
458 52
459 52
460 52
461 52
3 53
72 53
3 54
21 54
23 54
31 54
40 54
41 54
45 54
49 54
51 54
76 54
87 54
124 54
183 54
185 54
187 54
189 54
191 54
268 54
316 54
329 54
331 54
333 54
346 54
354 54
378 54
454 54
462 54
463 54
464 54
465 54
466 54
467 54
3 55
21 55
34 55
40 55
49 55
56 55
105 55
128 55
201 55
259 55
317 55
324 55
360 55
468 55
469 55
3 56
16 56
40 56
49 56
51 56
55 56
77 56
105 56
128 56
133 56
194 56
196 56
201 56
202 56
207 56
210 56
212 56
213 56
214 56
251 56
289 56
293 56
327 56
332 56
335 56
360 56
364 56
390 56
392 56
437 56
470 56
471 56
472 56
473 56
474 56
4 57
46 57
58 57
59 57
62 57
64 57
65 57
66 57
69 57
72 57
231 57
282 57
373 57
420 57
426 57
475 57
476 57
477 57
478 57
479 57
480 57
481 57
482 57
483 57
484 57
485 57
486 57
487 57
4 58
24 58
40 58
46 58
57 58
59 58
62 58
64 58
66 58
67 58
69 58
72 58
107 58
112 58
124 58
192 58
206 58
255 58
282 58
286 58
351 58
373 58
393 58
426 58
439 58
488 58
489 58
490 58
491 58
492 58
493 58
494 58
495 58
4 59
21 59
46 59
57 59
58 59
62 59
64 59
66 59
69 59
71 59
72 59
256 59
282 59
426 59
430 59
496 59
497 59
498 59
499 59
4 60
25 60
485 60
4 61
64 61
68 61
132 61
244 61
470 61
485 61
500 61
501 61
502 61
4 62
25 62
41 62
46 62
57 62
58 62
59 62
63 62
64 62
66 62
67 62
71 62
72 62
140 62
145 62
150 62
185 62
203 62
267 62
341 62
371 62
373 62
476 62
503 62
504 62
505 62
4 63
62 63
71 63
150 63
427 63
476 63
506 63
507 63
508 63
509 63
4 64
46 64
57 64
58 64
59 64
61 64
62 64
65 64
68 64
69 64
72 64
90 64
282 64
483 64
485 64
506 64
510 64
4 65
57 65
64 65
68 65
90 65
282 65
430 65
475 65
476 65
477 65
481 65
483 65
485 65
510 65
511 65
512 65
513 65
514 65
4 66
46 66
57 66
58 66
59 66
62 66
69 66
71 66
72 66
282 66
316 66
368 66
426 66
515 66
4 67
58 67
62 67
238 67
282 67
286 67
430 67
485 67
490 67
491 67
516 67
517 67
518 67
519 67
4 68
46 68
61 68
64 68
65 68
69 68
90 68
282 68
373 68
430 68
470 68
485 68
500 68
510 68
511 68
520 68
4 69
13 69
46 69
57 69
58 69
59 69
64 69
66 69
68 69
72 69
90 69
219 69
349 69
362 69
426 69
432 69
444 69
466 69
500 69
506 69
509 69
521 69
522 69
523 69
524 69
525 69
526 69
527 69
528 69
529 69
4 70
10 70
19 70
24 70
27 70
34 70
82 70
108 70
117 70
169 70
170 70
182 70
233 70
239 70
280 70
330 70
355 70
444 70
492 70
495 70
530 70
531 70
532 70
4 71
46 71
59 71
62 71
63 71
66 71
134 71
233 71
427 71
429 71
508 71
511 71
533 71
4 72
46 72
53 72
57 72
58 72
59 72
62 72
64 72
66 72
69 72
140 72
268 72
282 72
285 72
339 72
351 72
353 72
356 72
369 72
373 72
396 72
423 72
426 72
455 72
500 72
507 72
510 72
511 72
534 72
535 72
536 72
537 72
538 72
539 72
540 72
541 72
542 72
5 73
11 73
45 73
89 73
133 73
260 73
270 73
376 73
378 73
413 73
420 73
422 73
447 73
467 73
528 73
543 73
544 73
545 73
546 73
547 73
548 73
5 74
101 74
128 74
134 74
186 74
194 74
196 74
206 74
233 74
254 74
287 74
466 74
504 74
505 74
549 74
550 74
551 74
552 74
553 74
554 74
555 74
5 75
148 75
152 75
267 75
354 75
468 75
556 75
557 75
558 75
559 75
560 75
561 75
5 76
7 76
13 76
15 76
49 76
54 76
80 76
84 76
105 76
117 76
119 76
124 76
147 76
150 76
183 76
185 76
186 76
187 76
189 76
190 76
233 76
267 76
269 76
316 76
341 76
352 76
396 76
462 76
466 76
467 76
553 76
562 76
563 76
564 76
565 76
566 76
567 76
568 76
569 76
570 76
571 76
572 76
573 76
5 77
16 77
56 77
147 77
196 77
323 77
420 77
574 77
5 78
113 78
120 78
121 78
161 78
162 78
176 78
181 78
183 78
197 78
333 78
575 78
5 79
49 79
105 79
128 79
133 79
136 79
201 79
322 79
336 79
400 79
576 79
577 79
6 80
14 80
23 80
76 80
85 80
105 80
116 80
120 80
127 80
161 80
176 80
184 80
194 80
269 80
274 80
361 80
400 80
401 80
577 80
578 80
579 80
580 80
581 80
582 80
583 80
584 80
6 81
20 81
46 81
50 81
52 81
94 81
134 81
155 81
204 81
228 81
241 81
243 81
260 81
308 81
333 81
405 81
452 81
454 81
460 81
554 81
585 81
586 81
587 81
588 81
6 82
19 82
70 82
94 82
113 82
176 82
180 82
182 82
201 82
233 82
234 82
237 82
269 82
275 82
277 82
301 82
306 82
381 82
405 82
460 82
520 82
588 82
589 82
6 83
143 83
239 83
243 83
388 83
590 83
6 84
12 84
42 84
76 84
140 84
141 84
143 84
146 84
150 84
152 84
153 84
332 84
354 84
573 84
591 84
6 85
80 85
128 85
130 85
193 85
198 85
205 85
212 85
215 85
219 85
222 85
291 85
327 85
328 85
398 85
401 85
518 85
592 85
593 85
594 85
595 85
596 85
6 86
19 86
27 86
94 86
95 86
233 86
378 86
429 86
454 86
597 86
598 86
6 87
41 87
54 87
134 87
183 87
567 87
7 88
92 88
193 88
198 88
204 88
219 88
259 88
518 88
594 88
599 88
600 88
601 88
7 89
73 89
93 89
454 89
464 89
602 89
603 89
604 89
7 90
64 90
65 90
68 90
69 90
282 90
285 90
396 90
426 90
427 90
430 90
485 90
507 90
510 90
603 90
604 90
605 90
606 90
607 90
608 90
609 90
610 90
7 91
21 91
233 91
256 91
269 91
369 91
444 91
611 91
612 91
613 91
614 91
615 91
7 92
49 92
88 92
157 92
201 92
259 92
284 92
574 92
616 92
617 92
618 92
619 92
620 92
7 93
15 93
89 93
118 93
189 93
191 93
454 93
465 93
602 93
603 93
621 93
622 93
623 93
624 93
625 93
626 93
627 93
628 93
629 93
7 94
41 94
81 94
82 94
86 94
99 94
131 94
137 94
231 94
233 94
237 94
241 94
266 94
351 94
376 94
457 94
568 94
597 94
598 94
606 94
630 94
631 94
632 94
633 94
7 95
27 95
86 95
454 95
632 95
7 96
100 96
376 96
457 96
610 96
612 96
634 96
7 97
23 97
7 98
598 98
627 98
635 98
636 98
7 99
94 99
135 99
189 99
602 99
7 100
96 100
598 100
8 101
74 101
128 101
132 101
196 101
265 101
271 101
404 101
468 101
554 101
582 101
637 101
638 101
8 102
339 102
370 102
9 103
21 103
41 103
246 103
614 103
639 103
9 104
21 104
31 104
42 104
47 104
105 104
128 104
135 104
154 104
201 104
218 104
327 104
333 104
404 104
501 104
640 104
9 105
16 105
21 105
39 105
40 105
42 105
49 105
51 105
55 105
56 105
76 105
79 105
80 105
104 105
116 105
128 105
129 105
183 105
196 105
198 105
200 105
201 105
202 105
203 105
204 105
205 105
206 105
210 105
213 105
214 105
216 105
217 105
218 105
227 105
236 105
251 105
259 105
274 105
284 105
291 105
307 105
321 105
331 105
333 105
335 105
361 105
378 105
390 105
400 105
414 105
420 105
437 105
439 105
446 105
468 105
472 105
503 105
545 105
578 105
596 105
641 105
642 105
643 105
644 105
645 105
646 105
647 105
648 105
649 105
650 105
651 105
9 106
13 106
20 106
41 106
134 106
137 106
268 106
339 106
358 106
391 106
415 106
425 106
452 106
458 106
467 106
538 106
588 106
652 106
653 106
654 106
655 106
656 106
657 106
658 106
659 106
660 106
661 106
662 106
663 106
664 106
665 106
9 107
14 107
21 107
39 107
58 107
128 107
182 107
196 107
200 107
206 107
217 107
252 107
263 107
666 107
667 107
668 107
10 108
16 108
24 108
34 108
70 108
120 108
296 108
10 109
24 109
10 110
14 110
24 110
117 110
119 110
124 110
182 110
532 110
569 110
669 110
10 111
10 112
14 112
24 112
58 112
114 112
120 112
163 112
165 112
167 112
168 112
170 112
179 112
181 112
271 112
280 112
333 112
355 112
670 112
671 112
10 113
78 113
82 113
120 113
124 113
134 113
162 113
163 113
168 113
176 113
181 113
532 113
672 113
10 114
112 114
117 114
179 114
569 114
669 114
10 115
17 115
24 115
224 115
225 115
255 115
287 115
367 115
454 115
668 115
673 115
674 115
675 115
10 116
24 116
49 116
80 116
105 116
127 116
128 116
194 116
198 116
201 116
204 116
205 116
206 116
210 116
213 116
214 116
215 116
269 116
274 116
289 116
305 116
307 116
344 116
390 116
435 116
439 116
446 116
468 116
470 116
593 116
642 116
648 116
676 116
677 116
678 116
679 116
680 116
681 116
10 117
70 117
76 117
110 117
114 117
119 117
120 117
124 117
133 117
135 117
161 117
167 117
185 117
532 117
569 117
682 117
10 118
93 118
205 118
441 118
469 118
517 118
629 118
683 118
684 118
10 119
24 119
76 119
110 119
117 119
124 119
169 119
569 119
669 119
10 120
19 120
24 120
33 120
78 120
80 120
108 120
112 120
113 120
117 120
161 120
163 120
165 120
166 120
168 120
169 120
170 120
172 120
174 120
176 120
178 120
179 120
181 120
182 120
233 120
297 120
332 120
532 120
563 120
569 120
669 120
685 120
10 121
24 121
78 121
163 121
165 121
166 121
168 121
169 121
172 121
174 121
178 121
563 121
10 122
252 122
287 122
290 122
329 122
331 122
355 122
429 122
543 122
545 122
686 122
687 122
688 122
689 122
10 123
14 123
16 123
10 124
14 124
15 124
24 124
54 124
58 124
76 124
110 124
113 124
117 124
119 124
176 124
183 124
555 124
569 124
690 124
691 124
10 125
137 125
182 125
255 125
287 125
329 125
367 125
429 125
692 125
693 125
694 125
10 126
25 126
684 126
10 127
16 127
80 127
116 127
199 127
208 127
219 127
274 127
446 127
594 127
647 127
648 127
649 127
695 127
696 127
10 128
49 128
52 128
55 128
56 128
74 128
79 128
85 128
101 128
104 128
105 128
107 128
116 128
137 128
182 128
194 128
196 128
201 128
206 128
207 128
217 128
231 128
243 128
274 128
289 128
293 128
303 128
305 128
321 128
324 128
325 128
429 128
435 128
439 128
680 128
697 128
10 129
16 129
105 129
200 129
317 129
641 129
643 129
10 130
85 130
194 130
205 130
327 130
401 130
437 130
468 130
672 130
698 130
699 130
11 131
94 131
134 131
135 131
137 131
155 131
234 131
297 131
330 131
460 131
481 131
536 131
585 131
611 131
614 131
677 131
700 131
701 131
702 131
703 131
704 131
11 132
61 132
101 132
244 132
259 132
313 132
331 132
470 132
501 132
547 132
617 132
638 132
11 133
45 133
52 133
56 133
73 133
79 133
117 133
134 133
213 133
234 133
282 133
446 133
475 133
565 133
11 134
23 134
41 134
42 134
71 134
74 134
81 134
87 134
106 134
113 134
131 134
133 134
135 134
140 134
155 134
227 134
240 134
254 134
314 134
338 134
351 134
368 134
372 134
377 134
418 134
445 134
448 134
481 134
487 134
585 134
586 134
607 134
663 134
691 134
705 134
706 134
707 134
708 134
709 134
11 135
23 135
41 135
44 135
52 135
99 135
104 135
117 135
131 135
134 135
148 135
155 135
184 135
196 135
227 135
311 135
332 135
340 135
367 135
387 135
394 135
397 135
431 135
457 135
467 135
480 135
504 135
524 135
545 135
568 135
586 135
598 135
606 135
693 135
710 135
711 135
712 135
713 135
714 135
715 135
11 136
14 136
79 136
213 136
302 136
313 136
533 136
565 136
576 136
612 136
682 136
716 136
717 136
718 136
11 137
19 137
94 137
106 137
125 137
128 137
131 137
138 137
182 137
214 137
230 137
233 137
238 137
239 137
243 137
269 137
321 137
332 137
362 137
376 137
413 137
420 137
443 137
452 137
454 137
459 137
520 137
554 137
585 137
588 137
662 137
711 137
11 138
137 138
230 138
240 138
12 139
146 139
147 139
12 140
62 140
72 140
84 140
134 140
142 140
143 140
145 140
146 140
147 140
148 140
149 140
150 140
152 140
267 140
299 140
300 140
312 140
313 140
314 140
329 140
332 140
333 140
349 140
354 140
396 140
504 140
505 140
573 140
649 140
719 140
720 140
721 140
722 140
12 141
84 141
142 141
146 141
152 141
354 141
719 141
723 141
12 142
140 142
141 142
143 142
146 142
147 142
148 142
150 142
152 142
313 142
332 142
354 142
355 142
404 142
443 142
504 142
578 142
591 142
649 142
723 142
724 142
12 143
23 143
83 143
84 143
140 143
142 143
146 143
147 143
239 143
276 143
299 143
332 143
381 143
396 143
410 143
411 143
413 143
504 143
590 143
591 143
633 143
723 143
725 143
726 143
727 143
728 143
729 143
730 143
731 143
12 144
364 144
387 144
556 144
559 144
732 144
733 144
734 144
12 145
62 145
140 145
146 145
150 145
152 145
185 145
237 145
241 145
267 145
331 145
354 145
371 145
372 145
416 145
573 145
735 145
736 145
12 146
52 146
84 146
139 146
140 146
141 146
142 146
143 146
145 146
147 146
148 146
149 146
150 146
152 146
185 146
229 146
239 146
316 146
332 146
354 146
362 146
371 146
428 146
505 146
573 146
737 146
12 147
29 147
76 147
77 147
139 147
140 147
142 147
143 147
146 147
150 147
152 147
183 147
239 147
314 147
354 147
396 147
507 147
573 147
720 147
738 147
739 147
12 148
75 148
135 148
140 148
142 148
146 148
152 148
206 148
364 148
378 148
573 148
719 148
12 149
140 149
146 149
150 149
152 149
185 149
267 149
371 149
505 149
573 149
692 149
721 149
737 149
12 150
62 150
63 150
76 150
84 150
140 150
142 150
145 150
146 150
147 150
149 150
152 150
183 150
241 150
243 150
354 150
404 150
540 150
573 150
578 150
12 151
241 151
12 152
75 152
84 152
140 152
141 152
142 152
145 152
146 152
147 152
148 152
149 152
150 152
185 152
243 152
267 152
300 152
371 152
557 152
559 152
573 152
723 152
735 152
737 152
739 152
740 152
741 152
742 152
12 153
13 153
84 153
356 153
396 153
412 153
590 153
591 153
743 153
744 153
745 153
746 153
747 153
748 153
13 154
104 154
218 154
13 155
81 155
131 155
134 155
135 155
237 155
344 155
346 155
362 155
375 155
377 155
378 155
415 155
418 155
445 155
585 155
586 155
677 155
13 156
268 156
269 156
662 156
687 156
702 156
13 157
21 157
31 157
40 157
42 157
52 157
92 157
246 157
332 157
333 157
335 157
741 157
749 157
13 158
183 158
391 158
395 158
649 158
661 158
750 158
751 158
752 158
753 158
754 158
755 158
13 159
434 159
756 159
13 160
757 160
758 160
759 160
14 161
78 161
80 161
117 161
120 161
183 161
185 161
190 161
584 161
14 162
78 162
113 162
176 162
196 162
197 162
198 162
297 162
327 162
401 162
584 162
699 162
14 163
112 163
113 163
120 163
121 163
322 163
351 163
489 163
633 163
760 163
14 164
165 164
167 164
168 164
173 164
271 164
322 164
14 165
112 165
120 165
121 165
164 165
166 165
167 165
168 165
172 165
174 165
239 165
297 165
563 165
14 166
120 166
121 166
165 166
168 166
178 166
182 166
361 166
492 166
14 167
24 167
112 167
117 167
164 167
165 167
237 167
532 167
14 168
15 168
24 168
112 168
113 168
120 168
121 168
164 168
165 168
166 168
237 168
322 168
532 168
563 168
691 168
14 169
33 169
70 169
119 169
120 169
121 169
14 170
70 170
112 170
120 170
490 170
14 171
501 171
584 171
14 172
120 172
121 172
165 172
297 172
563 172
14 173
164 173
14 174
24 174
120 174
121 174
165 174
14 175
14 176
24 176
78 176
80 176
82 176
113 176
120 176
124 176
162 176
181 176
182 176
196 176
197 176
198 176
220 176
327 176
390 176
584 176
761 176
14 177
182 177
584 177
14 178
30 178
120 178
121 178
166 178
244 178
14 179
112 179
114 179
120 179
280 179
669 179
14 180
82 180
14 181
78 181
112 181
113 181
120 181
176 181
197 181
314 181
344 181
549 181
14 182
23 182
24 182
28 182
34 182
52 182
70 182
82 182
107 182
110 182
120 182
125 182
128 182
137 182
166 182
176 182
177 182
231 182
234 182
237 182
241 182
277 182
287 182
292 182
296 182
532 182
563 182
762 182
763 182
15 183
54 183
76 183
78 183
87 183
105 183
124 183
147 183
150 183
158 183
161 183
185 183
187 183
189 183
190 183
191 183
341 183
359 183
367 183
381 183
384 183
393 183
551 183
566 183
567 183
602 183
604 183
625 183
700 183
715 183
724 183
726 183
764 183
765 183
766 183
15 184
80 184
135 184
185 184
189 184
191 184
206 184
269 184
572 184
579 184
15 185
49 185
54 185
62 185
76 185
117 185
145 185
146 185
149 185
152 185
161 185
183 185
184 185
190 185
267 185
300 185
329 185
331 185
354 185
364 185
371 185
389 185
416 185
559 185
569 185
573 185
578 185
736 185
742 185
767 185
15 186
19 186
27 186
74 186
76 186
414 186
429 186
549 186
580 186
603 186
638 186
639 186
711 186
768 186
15 187
54 187
76 187
183 187
396 187
466 187
567 187
589 187
766 187
15 188
455 188
467 188
562 188
578 188
588 188
654 188
660 188
663 188
769 188
770 188
771 188
772 188
15 189
54 189
76 189
93 189
99 189
183 189
184 189
191 189
454 189
464 189
578 189
602 189
622 189
623 189
773 189
774 189
15 190
76 190
161 190
183 190
185 190
566 190
567 190
573 190
15 191
41 191
45 191
50 191
54 191
93 191
183 191
184 191
189 191
316 191
454 191
464 191
622 191
16 192
58 192
206 192
224 192
248 192
288 192
323 192
446 192
503 192
698 192
775 192
776 192
16 193
85 193
88 193
196 193
204 193
212 193
215 193
219 193
222 193
328 193
361 193
363 193
401 193
446 193
518 193
592 193
594 193
599 193
600 193
601 193
775 193
16 194
30 194
41 194
56 194
74 194
80 194
116 194
128 194
130 194
196 194
204 194
210 194
263 194
293 194
317 194
325 194
361 194
390 194
400 194
439 194
649 194
705 194
777 194
16 195
255 195
489 195
671 195
675 195
694 195
778 195
16 196
23 196
30 196
56 196
74 196
77 196
101 196
105 196
107 196
128 196
135 196
162 196
176 196
193 196
194 196
197 196
201 196
204 196
207 196
210 196
212 196
214 196
218 196
220 196
237 196
263 196
269 196
274 196
289 196
317 196
327 196
333 196
361 196
364 196
390 196
439 196
446 196
472 196
473 196
599 196
678 196
691 196
695 196
777 196
779 196
780 196
781 196
16 197
78 197
162 197
176 197
181 197
196 197
204 197
212 197
220 197
289 197
327 197
390 197
780 197
782 197
16 198
85 198
88 198
105 198
116 198
162 198
176 198
204 198
205 198
206 198
207 198
212 198
215 198
219 198
222 198
327 198
401 198
441 198
512 198
584 198
594 198
629 198
642 198
647 198
695 198
698 198
775 198
780 198
783 198
16 199
127 199
215 199
216 199
218 199
221 199
286 199
289 199
363 199
649 199
687 199
725 199
780 199
784 199
785 199
786 199
16 200
30 200
105 200
107 200
129 200
205 200
219 200
259 200
271 200
284 200
333 200
470 200
545 200
596 200
617 200
641 200
642 200
643 200
645 200
646 200
647 200
692 200
787 200
788 200
16 201
30 201
49 201
55 201
56 201
79 201
82 201
92 201
104 201
105 201
116 201
128 201
196 201
202 201
206 201
218 201
233 201
258 201
274 201
291 201
293 201
325 201
335 201
336 201
361 201
438 201
474 201
650 201
16 202
31 202
49 202
56 202
105 202
201 202
214 202
251 202
258 202
321 202
335 202
348 202
399 202
474 202
586 202
16 203
23 203
40 203
62 203
105 203
206 203
263 203
291 203
323 203
332 203
371 203
416 203
503 203
573 203
789 203
16 204
81 204
88 204
105 204
116 204
193 204
194 204
196 204
197 204
198 204
205 204
207 204
209 204
210 204
211 204
213 204
214 204
216 204
217 204
218 204
233 204
251 204
263 204
272 204
274 204
291 204
293 204
328 204
335 204
361 204
378 204
390 204
438 204
446 204
472 204
503 204
594 204
790 204
791 204
16 205
85 205
105 205
116 205
118 205
130 205
198 205
200 205
204 205
207 205
208 205
210 205
211 205
212 205
215 205
216 205
217 205
219 205
222 205
274 205
289 205
291 205
336 205
390 205
401 205
446 205
594 205
648 205
698 205
783 205
792 205
16 206
21 206
49 206
58 206
74 206
105 206
107 206
116 206
128 206
148 206
184 206
192 206
198 206
201 206
203 206
210 206
213 206
214 206
215 206
222 206
263 206
322 206
327 206
361 206
400 206
439 206
446 206
695 206
16 207
56 207
128 207
196 207
198 207
204 207
205 207
212 207
213 207
216 207
327 207
364 207
390 207
473 207
629 207
698 207
16 208
127 208
205 208
212 208
219 208
274 208
343 208
446 208
468 208
596 208
648 208
792 208
16 209
204 209
215 209
218 209
404 209
596 209
16 210
21 210
41 210
56 210
105 210
116 210
194 210
196 210
204 210
205 210
206 210
214 210
233 210
274 210
322 210
361 210
400 210
404 210
425 210
439 210
446 210
642 210
672 210
676 210
698 210
16 211
30 211
204 211
205 211
212 211
215 211
219 211
289 211
401 211
578 211
680 211
698 211
781 211
792 211
16 212
56 212
85 212
193 212
196 212
197 212
198 212
205 212
207 212
208 212
211 212
213 212
215 212
216 212
219 212
222 212
327 212
328 212
401 212
441 212
472 212
560 212
698 212
792 212
793 212
794 212
795 212
16 213
49 213
56 213
105 213
116 213
133 213
136 213
204 213
206 213
207 213
212 213
284 213
286 213
307 213
364 213
366 213
437 213
472 213
474 213
677 213
793 213
796 213
797 213
16 214
21 214
56 214
105 214
116 214
137 214
196 214
202 214
204 214
206 214
210 214
243 214
263 214
274 214
293 214
361 214
429 214
438 214
503 214
650 214
688 214
692 214
16 215
85 215
116 215
193 215
198 215
199 215
205 215
206 215
209 215
211 215
212 215
216 215
218 215
219 215
221 215
222 215
289 215
363 215
401 215
518 215
592 215
594 215
642 215
698 215
780 215
786 215
16 216
105 216
199 216
204 216
205 216
207 216
212 216
215 216
218 216
219 216
221 216
289 216
390 216
439 216
599 216
642 216
696 216
780 216
786 216
798 216
16 217
105 217
107 217
128 217
204 217
205 217
221 217
243 217
293 217
501 217
545 217
775 217
794 217
16 218
30 218
104 218
105 218
154 218
196 218
199 218
201 218
204 218
209 218
215 218
216 218
274 218
335 218
363 218
439 218
532 218
578 218
599 218
629 218
640 218
780 218
799 218
16 219
69 219
85 219
88 219
127 219
193 219
198 219
200 219
205 219
208 219
211 219
212 219
215 219
216 219
222 219
289 219
401 219
472 219
592 219
595 219
650 219
692 219
695 219
696 219
698 219
725 219
790 219
792 219
800 219
801 219
16 220
176 220
196 220
197 220
390 220
802 220
16 221
199 221
215 221
216 221
217 221
289 221
363 221
555 221
599 221
647 221
780 221
786 221
16 222
85 222
193 222
198 222
205 222
206 222
212 222
215 222
219 222
592 222
594 222
742 222
803 222
804 222
17 223
21 223
495 223
549 223
678 223
805 223
17 224
115 224
192 224
355 224
495 224
674 224
675 224
806 224
17 225
115 225
806 225
18 226
528 226
18 227
23 227
25 227
39 227
45 227
105 227
134 227
135 227
324 227
368 227
378 227
410 227
518 227
532 227
578 227
807 227
18 228
20 228
50 228
52 228
81 228
241 228
271 228
314 228
340 228
399 228
404 228
808 228
19 229
146 229
454 229
19 230
23 230
27 230
43 230
137 230
138 230
233 230
239 230
240 230
298 230
443 230
613 230
775 230
809 230
19 231
38 231
57 231
94 231
128 231
182 231
240 231
243 231
254 231
334 231
346 231
810 231
19 232
27 232
19 233
20 233
28 233
38 233
70 233
71 233
74 233
76 233
82 233
86 233
91 233
94 233
120 233
137 233
201 233
204 233
210 233
230 233
235 233
238 233
239 233
240 233
243 233
254 233
255 233
282 233
305 233
306 233
378 233
439 233
444 233
534 233
585 233
590 233
607 233
633 233
660 233
692 233
711 233
811 233
812 233
813 233
814 233
815 233
816 233
19 234
82 234
131 234
133 234
182 234
376 234
817 234
19 235
27 235
41 235
233 235
257 235
305 235
415 235
452 235
456 235
458 235
541 235
568 235
662 235
818 235
19 236
105 236
19 237
38 237
82 237
94 237
145 237
155 237
167 237
168 237
182 237
196 237
269 237
305 237
316 237
340 237
355 237
444 237
464 237
503 237
532 237
585 237
624 237
631 237
633 237
702 237
705 237
707 237
819 237
820 237
821 237
822 237
19 238
25 238
27 238
41 238
67 238
137 238
233 238
428 238
447 238
453 238
460 238
487 238
513 238
564 238
709 238
823 238
824 238
19 239
21 239
70 239
83 239
137 239
143 239
146 239
147 239
165 239
230 239
233 239
243 239
306 239
330 239
434 239
504 239
590 239
591 239
812 239
813 239
825 239
19 240
23 240
39 240
43 240
134 240
138 240
230 240
231 240
233 240
248 240
306 240
405 240
440 240
443 240
444 240
776 240
826 240
20 241
31 241
38 241
46 241
49 241
50 241
52 241
81 241
94 241
145 241
150 241
151 241
182 241
228 241
243 241
269 241
316 241
340 241
367 241
392 241
415 241
452 241
456 241
466 241
475 241
484 241
585 241
588 241
827 241
20 242
418 242
578 242
828 242
20 243
81 243
83 243
128 243
137 243
150 243
152 243
214 243
217 243
231 243
233 243
239 243
241 243
303 243
332 243
373 243
396 243
431 243
452 243
504 243
588 243
591 243
633 243
826 243
829 243
830 243
831 243
20 244
61 244
132 244
178 244
378 244
470 244
501 244
832 244
21 245
31 245
39 245
41 245
42 245
50 245
246 245
248 245
250 245
335 245
354 245
21 246
23 246
39 246
41 246
46 246
103 246
157 246
245 246
250 246
362 246
399 246
585 246
21 247
41 247
21 248
52 248
192 248
240 248
245 248
331 248
379 248
392 248
443 248
512 248
555 248
775 248
809 248
833 248
834 248
21 249
306 249
21 250
39 250
41 250
245 250
246 250
252 250
284 250
367 250
429 250
687 250
702 250
21 251
31 251
45 251
56 251
105 251
202 251
204 251
258 251
331 251
333 251
335 251
420 251
437 251
835 251
21 252
107 252
122 252
250 252
306 252
321 252
433 252
711 252
21 253
21 254
38 254
52 254
74 254
134 254
231 254
233 254
259 254
269 254
334 254
338 254
346 254
585 254
677 254
810 254
21 255
23 255
58 255
115 255
125 255
195 255
233 255
277 255
287 255
333 255
355 255
367 255
489 255
694 255
836 255
837 255
838 255
839 255
21 256
59 256
91 256
269 256
499 256
572 256
612 256
614 256
659 256
716 256
769 256
840 256
841 256
842 256
21 257
51 257
235 257
316 257
354 257
369 257
423 257
458 257
568 257
660 257
843 257
844 257
21 258
201 258
202 258
251 258
348 258
21 259
31 259
45 259
50 259
55 259
88 259
92 259
105 259
132 259
200 259
254 259
293 259
305 259
333 259
420 259
472 259
666 259
672 259
21 260
41 260
73 260
81 260
418 260
458 260
718 260
755 260
845 260
846 260
21 261
23 262
41 262
368 262
377 262
23 263
24 263
107 263
194 263
196 263
203 263
204 263
206 263
214 263
288 263
439 263
446 263
503 263
23 264
447 264
564 264
847 264
848 264
849 264
23 265
25 265
39 265
101 265
272 265
284 265
307 265
850 265
23 266
94 266
376 266
598 266
23 267
62 267
75 267
76 267
140 267
145 267
149 267
152 267
185 267
300 267
341 267
503 267
556 267
557 267
573 267
710 267
719 267
851 267
852 267
23 268
40 268
54 268
72 268
106 268
156 268
316 268
340 268
354 268
358 268
362 268
365 268
368 268
369 268
395 268
415 268
425 268
452 268
568 268
657 268
659 268
663 268
767 268
853 268
23 269
43 269
49 269
51 269
52 269
76 269
80 269
82 269
91 269
116 269
137 269
156 269
184 269
196 269
237 269
241 269
254 269
256 269
588 269
614 269
701 269
702 269
711 269
854 269
855 269
23 270
38 270
41 270
73 270
351 270
378 270
399 270
585 270
620 270
632 270
815 270
816 270
829 270
856 270
857 270
858 270
23 271
42 271
50 271
101 271
112 271
164 271
200 271
228 271
314 271
333 271
355 271
356 271
372 271
392 271
398 271
404 271
434 271
750 271
836 271
859 271
860 271
861 271
23 272
204 272
265 272
23 273
355 273
501 273
689 273
862 273
23 274
49 274
80 274
105 274
116 274
127 274
128 274
196 274
201 274
204 274
205 274
208 274
210 274
214 274
218 274
327 274
382 274
390 274
437 274
439 274
446 274
470 274
593 274
594 274
695 274
863 274
23 275
27 275
38 275
82 275
279 275
353 275
378 275
415 275
451 275
458 275
864 275
23 276
143 276
299 276
333 276
388 276
393 276
413 276
414 276
458 276
591 276
756 276
859 276
865 276
866 276
23 277
82 277
182 277
255 277
323 277
694 277
867 277
23 278
51 278
554 278
564 278
824 278
847 278
848 278
868 278
869 278
870 278
871 278
23 279
275 279
372 279
415 279
417 279
451 279
568 279
598 279
654 279
872 279
23 280
28 280
70 280
112 280
179 280
372 280
392 280
532 280
671 280
694 280
23 281
339 281
23 282
43 282
46 282
57 282
58 282
59 282
64 282
65 282
66 282
67 282
68 282
72 282
90 282
133 282
233 282
426 282
427 282
430 282
444 282
485 282
510 282
23 283
355 283
495 283
23 284
92 284
105 284
200 284
213 284
250 284
265 284
329 284
393 284
420 284
429 284
434 284
542 284
543 284
591 284
686 284
725 284
729 284
24 285
72 285
90 285
485 285
500 285
506 285
508 285
540 285
24 286
58 286
67 286
199 286
213 286
289 286
24 287
25 287
52 287
74 287
115 287
122 287
125 287
182 287
255 287
295 287
346 287
367 287
489 287
565 287
839 287
873 287
874 287
875 287
876 287
877 287
878 287
879 287
24 288
192 288
263 288
24 289
56 289
116 289
128 289
196 289
197 289
199 289
205 289
211 289
215 289
216 289
219 289
221 289
286 289
327 289
401 289
584 289
780 289
781 289
786 289
24 290
122 290
355 290
495 290
668 290
671 290
693 290
694 290
837 290
838 290
880 290
24 291
85 291
105 291
201 291
203 291
204 291
205 291
322 291
336 291
446 291
547 291
592 291
725 291
24 292
182 292
24 293
40 293
49 293
56 293
128 293
194 293
201 293
204 293
214 293
217 293
259 293
414 293
783 293
24 294
24 295
287 295
495 295
875 295
24 296
48 296
108 296
182 296
308 296
881 296
24 297
120 297
131 297
162 297
165 297
172 297
441 297
584 297
699 297
877 297
882 297
25 298
230 298
429 298
443 298
590 298
883 298
884 298
25 299
140 299
143 299
276 299
316 299
332 299
333 299
386 299
389 299
393 299
396 299
398 299
409 299
410 299
429 299
431 299
434 299
504 299
542 299
552 299
571 299
590 299
725 299
726 299
729 299
730 299
756 299
788 299
884 299
885 299
886 299
887 299
888 299
25 300
140 300
152 300
185 300
267 300
371 300
392 300
414 300
545 300
573 300
688 300
25 301
82 301
331 301
482 301
847 301
849 301
25 302
136 302
811 302
25 303
42 303
49 303
128 303
243 303
322 303
341 303
380 303
381 303
382 303
383 303
384 303
385 303
386 303
387 303
393 303
439 303
468 303
889 303
890 303
891 303
892 303
893 303
894 303
895 303
896 303
27 304
329 304
897 304
27 305
116 305
128 305
233 305
235 305
237 305
259 305
307 305
308 305
330 305
393 305
438 305
520 305
676 305
729 305
27 306
82 306
233 306
239 306
240 306
249 306
252 306
311 306
687 306
749 306
898 306
899 306
900 306
27 307
105 307
116 307
213 307
265 307
305 307
435 307
438 307
901 307
28 308
34 308
81 308
296 308
305 308
339 308
358 308
378 308
425 308
452 308
456 308
458 308
534 308
541 308
551 308
658 308
761 308
817 308
844 308
881 308
28 309
413 309
479 309
29 310
311 310
312 310
902 310
903 310
29 311
135 311
306 311
310 311
312 311
314 311
329 311
899 311
29 312
140 312
310 312
311 312
329 312
555 312
860 312
904 312
905 312
906 312
907 312
908 312
29 313
39 313
132 313
136 313
140 313
142 313
315 313
350 313
378 313
397 313
404 313
457 313
711 313
712 313
718 313
765 313
795 313
909 313
910 313
911 313
29 314
39 314
42 314
50 314
134 314
140 314
147 314
181 314
228 314
271 314
311 314
438 314
458 314
466 314
523 314
527 314
558 314
902 314
912 314
29 315
313 315
348 315
396 315
457 315
468 315
611 315
712 315
795 315
29 316
52 316
54 316
66 316
76 316
146 316
191 316
237 316
241 316
257 316
268 316
299 316
339 316
349 316
354 316
358 316
368 316
378 316
409 316
415 316
495 316
515 316
532 316
562 316
662 316
707 316
827 316
913 316
914 316
30 317
49 317
55 317
129 317
194 317
196 317
321 317
322 317
599 317
780 317
30 318
30 319
915 319
30 320
321 320
323 320
326 320
517 320
697 320
30 321
49 321
105 321
128 321
137 321
202 321
252 321
317 321
320 321
322 321
323 321
324 321
325 321
363 321
429 321
435 321
442 321
692 321
697 321
916 321
30 322
49 322
79 322
163 322
164 322
168 322
206 322
210 322
291 322
303 322
317 322
321 322
325 322
336 322
390 322
400 322
438 322
439 322
442 322
446 322
568 322
915 322
917 322
30 323
77 323
192 323
203 323
277 323
320 323
321 323
326 323
640 323
697 323
30 324
50 324
55 324
128 324
227 324
321 324
325 324
372 324
666 324
30 325
49 325
128 325
194 325
201 325
321 325
322 325
324 325
328 325
363 325
30 326
320 326
323 326
629 326
681 326
918 326
30 327
49 327
56 327
85 327
104 327
130 327
162 327
176 327
196 327
197 327
198 327
206 327
207 327
212 327
274 327
289 327
390 327
401 327
578 327
584 327
592 327
595 327
629 327
780 327
30 328
49 328
85 328
193 328
204 328
212 328
325 328
363 328
31 329
54 329
122 329
125 329
140 329
185 329
284 329
304 329
311 329
312 329
331 329
332 329
333 329
335 329
355 329
384 329
415 329
420 329
433 329
542 329
543 329
581 329
673 329
31 330
38 330
70 330
131 330
239 330
305 330
375 330
378 330
585 330
711 330
881 330
919 330
31 331
54 331
105 331
122 331
132 331
145 331
185 331
248 331
251 331
301 331
329 331
333 331
336 331
339 331
384 331
420 331
423 331
433 331
543 331
564 331
775 331
827 331
31 332
39 332
41 332
42 332
44 332
48 332
56 332
84 332
120 332
135 332
137 332
140 332
142 332
143 332
146 332
157 332
203 332
243 332
299 332
329 332
381 332
383 332
386 332
389 332
393 332
396 332
407 332
412 332
431 332
434 332
504 332
543 332
591 332
724 332
730 332
893 332
895 332
905 332
920 332
31 333
42 333
45 333
50 333
52 333
54 333
78 333
81 333
104 333
105 333
112 333
140 333
157 333
196 333
200 333
251 333
255 333
259 333
271 333
276 333
299 333
329 333
331 333
335 333
336 333
337 333
364 333
372 333
381 333
384 333
390 333
410 333
420 333
434 333
457 333
466 333
470 333
489 333
513 333
532 333
543 333
545 333
558 333
564 333
574 333
641 333
658 333
743 333
861 333
870 333
921 333
922 333
31 334
41 334
231 334
254 334
354 334
368 334
376 334
457 334
608 334
612 334
634 334
810 334
923 334
924 334
925 334
31 335
42 335
52 335
56 335
105 335
157 335
201 335
202 335
204 335
218 335
245 335
251 335
329 335
333 335
420 335
532 335
543 335
650 335
926 335
31 336
40 336
79 336
201 336
205 336
291 336
322 336
331 336
333 336
469 336
620 336
908 336
31 337
42 337
47 337
333 337
356 337
383 337
409 337
433 337
468 337
503 337
778 337
927 337
31 338
42 338
50 338
51 338
134 338
254 338
354 338
429 338
587 338
603 338
638 338
661 338
31 339
72 339
102 339
106 339
281 339
308 339
316 339
331 339
340 339
344 339
354 339
368 339
484 339
545 339
554 339
565 339
576 339
761 339
928 339
929 339
930 339
931 339
932 339
933 339
31 340
51 340
52 340
135 340
228 340
237 340
241 340
268 340
339 340
354 340
362 340
365 340
658 340
761 340
846 340
934 340
935 340
32 341
44 341
62 341
76 341
183 341
267 341
303 341
357 341
364 341
371 341
380 341
382 341
384 341
385 341
389 341
393 341
413 341
416 341
512 341
571 341
573 341
578 341
736 341
884 341
889 341
890 341
891 341
892 341
896 341
908 341
936 341
937 341
938 341
34 342
881 342
34 343
208 343
400 343
446 343
698 343
38 344
49 344
116 344
155 344
181 344
339 344
415 344
466 344
489 344
541 344
549 344
564 344
568 344
660 344
677 344
939 344
38 345
350 345
38 346
54 346
155 346
231 346
254 346
287 346
368 346
375 346
399 346
418 346
551 346
38 347
356 347
590 347
743 347
746 347
748 347
940 347
941 347
942 347
943 347
944 347
945 347
946 347
38 348
202 348
258 348
315 348
445 348
585 348
611 348
38 349
45 349
69 349
140 349
316 349
362 349
523 349
947 349
38 350
313 350
345 350
366 350
711 350
948 350
949 350
38 351
46 351
52 351
58 351
72 351
94 351
134 351
163 351
270 351
368 351
554 351
632 351
687 351
705 351
727 351
829 351
844 351
870 351
38 352
76 352
455 352
467 352
562 352
588 352
654 352
656 352
660 352
769 352
950 352
951 352
952 352
953 352
38 353
41 353
51 353
72 353
275 353
392 353
501 353
538 353
568 353
578 353
841 353
954 353
39 354
40 354
41 354
42 354
46 354
50 354
51 354
54 354
75 354
84 354
140 354
141 354
142 354
145 354
146 354
147 354
150 354
185 354
245 354
257 354
268 354
316 354
334 354
338 354
339 354
340 354
356 354
358 354
365 354
368 354
371 354
399 354
415 354
505 354
573 354
720 354
767 354
859 354
930 354
955 354
39 355
40 355
41 355
42 355
45 355
70 355
112 355
122 355
142 355
224 355
237 355
255 355
271 355
273 355
283 355
290 355
329 355
356 355
357 355
367 355
392 355
402 355
416 355
468 355
489 355
495 355
501 355
532 355
666 355
668 355
671 355
691 355
693 355
694 355
838 355
874 355
956 355
957 355
958 355
959 355
39 356
42 356
72 356
153 356
271 356
337 356
347 356
354 356
355 356
389 356
392 356
399 356
407 356
410 356
414 356
468 356
470 356
543 356
552 356
586 356
590 356
591 356
724 356
725 356
744 356
745 356
747 356
750 356
905 356
945 356
946 356
960 356
961 356
39 357
341 357
355 357
383 357
416 357
889 357
891 357
896 357
39 358
41 358
106 358
268 358
308 358
316 358
354 358
369 358
378 358
425 358
452 358
515 358
548 358
707 358
750 358
769 358
921 358
962 358
40 359
183 359
521 359
711 359
765 359
40 360
55 360
56 360
361 360
472 360
40 361
49 361
80 361
105 361
166 361
193 361
194 361
196 361
201 361
204 361
206 361
210 361
214 361
360 361
400 361
436 361
796 361
40 362
45 362
52 362
69 362
137 362
146 362
155 362
246 362
268 362
340 362
349 362
432 362
466 362
523 362
544 362
963 362
40 363
49 363
193 363
199 363
215 363
218 363
221 363
321 363
325 363
328 363
441 363
786 363
40 364
56 364
144 364
148 364
185 364
196 364
207 364
213 364
333 364
341 364
472 364
40 365
52 365
268 365
340 365
354 365
369 365
767 365
954 365
962 365
40 366
51 366
213 366
350 366
40 367
48 367
50 367
52 367
115 367
125 367
135 367
183 367
241 367
250 367
255 367
287 367
355 367
468 367
470 367
489 367
495 367
532 367
672 367
675 367
687 367
688 367
693 367
767 367
838 367
879 367
964 367
965 367
966 367
41 368
50 368
51 368
66 368
134 368
227 368
262 368
268 368
316 368
334 368
339 368
346 368
351 368
354 368
369 368
372 368
392 368
415 368
660 368
864 368
929 368
953 368
962 368
41 369
72 369
91 369
257 369
268 369
358 369
365 369
368 369
452 369
579 369
954 369
41 370
102 370
395 370
417 370
609 370
872 370
41 371
62 371
145 371
146 371
149 371
152 371
185 371
203 371
300 371
341 371
354 371
416 371
503 371
736 371
41 372
42 372
134 372
145 372
271 372
279 372
280 372
324 372
333 372
368 372
378 372
467 372
538 372
730 372
41 373
46 373
57 373
58 373
62 373
68 373
72 373
243 373
429 373
704 373
41 374
41 375
155 375
330 375
346 375
391 375
41 376
73 376
94 376
96 376
137 376
234 376
266 376
334 376
378 376
397 376
403 376
417 376
421 376
429 376
454 376
457 376
606 376
608 376
610 376
612 376
630 376
634 376
734 376
872 376
967 376
968 376
969 376
970 376
971 376
41 377
134 377
155 377
262 377
429 377
445 377
585 377
882 377
972 377
973 377
41 378
42 378
54 378
73 378
86 378
105 378
148 378
155 378
204 378
227 378
233 378
244 378
270 378
275 378
308 378
313 378
316 378
330 378
358 378
372 378
376 378
389 378
390 378
391 378
413 378
454 378
467 378
585 378
588 378
648 378
661 378
662 378
713 378
750 378
753 378
974 378
975 378
41 379
248 379
659 379
809 379
833 379
42 380
303 380
341 380
381 380
382 380
385 380
387 380
784 380
976 380
42 381
82 381
143 381
183 381
303 381
332 381
333 381
380 381
382 381
383 381
384 381
385 381
386 381
387 381
393 381
413 381
504 381
552 381
591 381
730 381
784 381
890 381
892 381
42 382
274 382
303 382
341 382
380 382
381 382
383 382
384 382
385 382
386 382
387 382
578 382
593 382
784 382
890 382
936 382
977 382
42 383
44 383
303 383
332 383
337 383
357 383
381 383
382 383
384 383
386 383
387 383
504 383
884 383
42 384
183 384
303 384
329 384
331 384
333 384
341 384
381 384
382 384
383 384
385 384
386 384
387 384
393 384
407 384
409 384
543 384
578 384
784 384
796 384
891 384
892 384
896 384
938 384
42 385
303 385
341 385
380 385
381 385
382 385
384 385
386 385
387 385
393 385
726 385
784 385
890 385
896 385
42 386
44 386
299 386
303 386
332 386
381 386
382 386
383 386
384 386
385 386
387 386
504 386
730 386
42 387
135 387
144 387
303 387
380 387
381 387
382 387
383 387
384 387
385 387
386 387
591 387
938 387
42 388
83 388
276 388
396 388
404 388
591 388
833 388
859 388
890 388
958 388
42 389
185 389
299 389
332 389
341 389
356 389
378 389
396 389
410 389
413 389
431 389
434 389
542 389
552 389
571 389
633 389
724 389
726 389
729 389
756 389
788 389
809 389
884 389
885 389
886 389
887 389
888 389
978 389
42 390
49 390
56 390
105 390
116 390
176 390
194 390
196 390
197 390
204 390
205 390
207 390
216 390
220 390
274 390
322 390
327 390
333 390
378 390
446 390
584 390
725 390
781 390
786 390
802 390
42 391
106 391
158 391
375 391
378 391
418 391
458 391
657 391
752 391
835 391
840 391
979 391
42 392
56 392
241 392
248 392
271 392
280 392
300 392
353 392
355 392
356 392
368 392
538 392
846 392
902 392
953 392
980 392
42 393
58 393
183 393
276 393
284 393
299 393
303 393
305 393
332 393
341 393
381 393
384 393
385 393
439 393
443 393
504 393
730 393
892 393
893 393
894 393
895 393
920 393
976 393
981 393
982 393
983 393
42 394
135 394
42 395
158 395
268 395
370 395
661 395
752 395
753 395
767 395
846 395
984 395
42 396
72 396
76 396
90 396
140 396
143 396
147 396
153 396
187 396
243 396
299 396
315 396
332 396
388 396
389 396
410 396
412 396
434 396
466 396
504 396
542 396
552 396
571 396
724 396
743 396
745 396
747 396
748 396
756 396
890 396
892 396
943 396
944 396
958 396
985 396
986 396
42 397
135 397
313 397
376 397
421 397
457 397
468 397
42 398
85 398
271 398
299 398
756 398
942 398
958 398
976 398
42 399
45 399
46 399
202 399
228 399
246 399
270 399
346 399
354 399
356 399
572 399
701 399
840 399
960 399
42 400
79 400
80 400
105 400
194 400
206 400
210 400
322 400
343 400
361 400
574 400
581 400
42 401
80 401
85 401
130 401
162 401
193 401
198 401
205 401
211 401
212 401
215 401
219 401
289 401
327 401
436 401
441 401
584 401
698 401
699 401
798 401
802 401
987 401
42 402
52 402
355 402
434 402
657 402
905 402
988 402
989 402
42 403
376 403
468 403
545 403
578 403
697 403
968 403
42 404
50 404
101 404
104 404
142 404
150 404
209 404
210 404
228 404
271 404
313 404
388 404
434 404
573 404
677 404
990 404
43 405
81 405
82 405
240 405
429 405
44 406
407 406
408 406
731 406
44 407
332 407
356 407
384 407
406 407
408 407
410 407
411 407
552 407
730 407
775 407
991 407
992 407
44 408
406 408
407 408
409 408
646 408
725 408
731 408
775 408
904 408
908 408
44 409
299 409
316 409
337 409
384 409
408 409
410 409
411 409
431 409
434 409
591 409
705 409
726 409
729 409
859 409
892 409
44 410
143 410
227 410
299 410
333 410
356 410
389 410
396 410
407 410
409 410
411 410
413 410
431 410
434 410
542 410
543 410
726 410
788 410
892 410
937 410
993 410
44 411
143 411
407 411
409 411
410 411
540 411
552 411
773 411
44 412
153 412
332 412
396 412
413 412
552 412
590 412
724 412
726 412
743 412
745 412
943 412
44 413
52 413
73 413
137 413
143 413
276 413
309 413
341 413
378 413
381 413
389 413
410 413
412 413
552 413
590 413
724 413
884 413
983 413
44 414
46 414
105 414
186 414
276 414
293 414
300 414
356 414
434 414
749 414
45 415
106 415
155 415
235 415
241 415
268 415
275 415
279 415
316 415
329 415
344 415
354 415
368 415
452 415
507 415
535 415
538 415
549 415
568 415
652 415
662 415
705 415
827 415
914 415
45 416
145 416
185 416
203 416
341 416
355 416
357 416
371 416
573 416
851 416
45 417
279 417
370 417
376 417
457 417
612 417
750 417
872 417
45 418
134 418
155 418
242 418
260 418
346 418
391 418
484 418
523 418
605 418
755 418
994 418
995 418
45 419
460 419
486 419
513 419
564 419
808 419
848 419
45 420
57 420
73 420
77 420
105 420
137 420
251 420
259 420
284 420
329 420
331 420
333 420
335 420
543 420
574 420
775 420
45 421
376 421
397 421
609 421
45 422
73 422
447 422
554 422
564 422
824 422
957 422
996 422
45 423
72 423
257 423
331 423
660 423
997 423
45 424
45 425
106 425
210 425
268 425
308 425
358 425
430 425
659 425
817 425
840 425
929 425
46 426
57 426
58 426
59 426
66 426
69 426
72 426
90 426
282 426
46 427
63 427
71 427
90 427
282 427
476 427
500 427
507 427
508 427
509 427
517 427
864 427
868 427
908 427
998 427
999 427
1000 427
46 428
146 428
238 428
46 429
71 429
86 429
122 429
125 429
128 429
186 429
214 429
250 429
284 429
298 429
299 429
321 429
338 429
373 429
376 429
377 429
405 429
454 429
460 429
520 429
543 429
546 429
554 429
632 429
775 429
817 429
884 429
898 429
919 429
1001 429
1002 429
46 430
59 430
65 430
67 430
68 430
90 430
282 430
425 430
485 430
497 430
499 430
500 430
510 430
46 431
135 431
243 431
299 431
332 431
389 431
409 431
410 431
756 431
892 431
904 431
1003 431
46 432
69 432
362 432
610 432
822 432
860 432
907 432
932 432
963 432
1004 432
1005 432
47 433
252 433
329 433
331 433
337 433
543 433
687 433
802 433
927 433
48 434
159 434
239 434
271 434
284 434
299 434
332 434
333 434
389 434
396 434
402 434
404 434
409 434
410 434
414 434
468 434
504 434
540 434
542 434
552 434
571 434
636 434
687 434
724 434
726 434
729 434
748 434
756 434
788 434
884 434
885 434
886 434
887 434
888 434
993 434
49 435
116 435
128 435
307 435
321 435
691 435
49 436
361 436
401 436
49 437
56 437
105 437
130 437
213 437
251 437
274 437
439 437
49 438
201 438
204 438
214 438
305 438
307 438
314 438
322 438
501 438
552 438
725 438
729 438
49 439
58 439
105 439
116 439
128 439
194 439
196 439
206 439
210 439
216 439
218 439
233 439
263 439
274 439
303 439
322 439
393 439
437 439
650 439
1006 439
49 440
240 440
444 440
640 440
49 441
118 441
198 441
212 441
297 441
363 441
401 441
517 441
584 441
698 441
699 441
806 441
882 441
49 442
321 442
322 442
50 443
137 443
142 443
230 443
240 443
248 443
298 443
393 443
444 443
504 443
539 443
749 443
775 443
809 443
834 443
50 444
69 444
70 444
91 444
233 444
237 444
240 444
282 444
440 444
443 444
51 445
134 445
155 445
348 445
377 445
448 445
451 445
461 445
568 445
586 445
588 445
51 446
105 446
116 446
127 446
133 446
192 446
193 446
196 446
204 446
205 446
206 446
208 446
210 446
263 446
274 446
291 446
322 446
343 446
390 446
468 446
594 446
641 446
695 446
915 446
51 447
73 447
238 447
264 447
422 447
475 447
477 447
482 447
484 447
564 447
816 447
824 447
996 447
1007 447
51 448
134 448
445 448
51 449
456 449
51 450
459 450
731 450
51 451
275 451
279 451
445 451
500 451
507 451
538 451
662 451
772 451
836 451
950 451
1008 451
52 452
81 452
106 452
137 452
235 452
241 452
243 452
268 452
308 452
358 452
369 452
415 452
455 452
456 452
515 452
588 452
652 452
654 452
656 452
657 452
662 452
663 452
688 452
914 452
1009 452
1010 452
1011 452
52 453
238 453
484 453
564 453
687 453
52 454
54 454
81 454
86 454
89 454
93 454
95 454
115 454
137 454
189 454
191 454
229 454
376 454
378 454
429 454
464 454
578 454
598 454
603 454
604 454
621 454
622 454
623 454
624 454
625 454
704 454
708 454
821 454
1012 454
1013 454
1014 454
52 455
72 455
188 455
352 455
452 455
515 455
588 455
654 455
660 455
52 456
235 456
241 456
308 456
449 456
452 456
761 456
817 456
1009 456
52 457
94 457
96 457
135 457
313 457
315 457
333 457
334 457
376 457
397 457
417 457
468 457
923 457
52 458
106 458
235 458
257 458
260 458
275 458
276 458
308 458
314 458
391 458
548 458
603 458
632 458
707 458
840 458
1001 458
1015 458
1016 458
52 459
137 459
450 459
700 459
701 459
840 459
842 459
980 459
1017 459
1018 459
1019 459
52 460
81 460
82 460
131 460
238 460
419 460
429 460
471 460
477 460
484 460
486 460
487 460
513 460
533 460
554 460
564 460
757 460
848 460
922 460
995 460
1002 460
1020 460
1021 460
1022 460
1023 460
1024 460
1025 460
1026 460
1027 460
52 461
445 461
632 461
54 462
76 462
818 462
990 462
1009 462
1028 462
54 463
54 464
89 464
189 464
191 464
237 464
454 464
603 464
624 464
625 464
626 464
774 464
821 464
1013 464
1029 464
54 465
93 465
545 465
602 465
54 466
69 466
74 466
76 466
187 466
241 466
314 466
333 466
344 466
362 466
396 466
523 466
549 466
638 466
711 466
765 466
1030 466
1031 466
54 467
73 467
76 467
106 467
135 467
188 467
352 467
372 467
378 467
468 467
470 467
549 467
588 467
654 467
660 467
769 467
770 467
819 467
952 467
1010 467
55 468
75 468
101 468
105 468
116 468
130 468
208 468
303 468
315 468
337 468
355 468
356 468
367 468
397 468
403 468
434 468
446 468
457 468
467 468
489 468
552 468
558 468
573 468
649 468
836 468
912 468
932 468
965 468
1032 468
1033 468
55 469
118 469
336 469
56 470
61 470
68 470
116 470
132 470
200 470
244 470
274 470
333 470
356 470
367 470
467 470
500 470
501 470
521 470
810 470
836 470
56 471
460 471
513 471
545 471
757 471
808 471
848 471
1034 471
56 472
105 472
196 472
204 472
212 472
213 472
219 472
259 472
360 472
364 472
696 472
56 473
196 473
207 473
56 474
201 474
202 474
213 474
57 475
65 475
133 475
241 475
447 475
483 475
554 475
709 475
849 475
1007 475
1020 475
1035 475
57 476
62 476
63 476
65 476
427 476
480 476
485 476
508 476
757 476
870 476
57 477
65 477
447 477
460 477
483 477
486 477
933 477
995 477
996 477
1020 477
1036 477
57 478
564 478
57 479
309 479
480 479
481 479
554 479
564 479
849 479
957 479
1037 479
57 480
135 480
476 480
479 480
483 480
675 480
811 480
875 480
957 480
996 480
1037 480
57 481
65 481
131 481
134 481
479 481
487 481
554 481
564 481
663 481
691 481
706 481
709 481
847 481
1038 481
1039 481
57 482
301 482
447 482
849 482
868 482
995 482
57 483
64 483
65 483
475 483
477 483
480 483
484 483
486 483
487 483
491 483
497 483
499 483
522 483
564 483
607 483
709 483
869 483
995 483
1008 483
1022 483
1035 483
1040 483
1041 483
1042 483
1043 483
57 484
241 484
339 484
418 484
447 484
453 484
460 484
483 484
486 484
549 484
564 484
709 484
870 484
871 484
995 484
1024 484
57 485
60 485
61 485
64 485
65 485
67 485
68 485
90 485
282 485
285 485
430 485
476 485
508 485
510 485
605 485
57 486
419 486
460 486
477 486
483 486
484 486
513 486
565 486
757 486
848 486
922 486
995 486
1020 486
1023 486
1036 486
57 487
134 487
238 487
460 487
481 487
483 487
564 487
757 487
1026 487
1044 487
1045 487
58 488
58 489
163 489
195 489
255 489
287 489
333 489
344 489
355 489
367 489
468 489
495 489
675 489
689 489
694 489
874 489
878 489
1046 489
58 490
67 490
170 490
491 490
58 491
67 491
483 491
490 491
497 491
517 491
522 491
607 491
632 491
1041 491
58 492
70 492
166 492
58 493
58 494
58 495
70 495
223 495
224 495
283 495
290 495
295 495
316 495
355 495
367 495
489 495
668 495
689 495
694 495
806 495
874 495
875 495
878 495
1047 495
59 496
979 496
59 497
430 497
483 497
491 497
607 497
1041 497
59 498
499 498
700 498
764 498
979 498
1048 498
59 499
256 499
430 499
483 499
498 499
701 499
1001 499
1049 499
61 500
68 500
69 500
72 500
285 500
427 500
430 500
451 500
470 500
506 500
507 500
508 500
537 500
539 500
562 500
607 500
730 500
61 501
104 501
132 501
171 501
217 501
244 501
273 501
353 501
355 501
438 501
470 501
549 501
638 501
643 501
660 501
818 501
821 501
61 502
62 503
105 503
192 503
203 503
204 503
214 503
237 503
263 503
267 503
337 503
371 503
505 503
573 503
651 503
62 504
74 504
135 504
140 504
142 504
143 504
239 504
243 504
299 504
332 504
381 504
383 504
386 504
393 504
396 504
434 504
443 504
549 504
552 504
724 504
726 504
730 504
833 504
892 504
893 504
895 504
920 504
981 504
1050 504
62 505
74 505
140 505
146 505
149 505
354 505
503 505
573 505
736 505
741 505
63 506
64 506
69 506
285 506
500 506
509 506
525 506
63 507
72 507
90 507
147 507
415 507
427 507
451 507
500 507
509 507
517 507
540 507
562 507
607 507
890 507
942 507
999 507
63 508
71 508
285 508
427 508
476 508
485 508
500 508
509 508
511 508
607 508
718 508
755 508
63 509
69 509
427 509
506 509
507 509
508 509
521 509
712 509
1050 509
64 510
65 510
68 510
72 510
90 510
282 510
430 510
485 510
65 511
68 511
71 511
72 511
508 511
65 512
198 512
248 512
341 512
698 512
775 512
809 512
833 512
834 512
889 512
896 512
904 512
908 512
992 512
1051 512
65 513
238 513
333 513
419 513
460 513
471 513
486 513
564 513
757 513
808 513
848 513
1034 513
65 514
1052 514
66 515
316 515
358 515
452 515
455 515
771 515
67 516
67 517
118 517
320 517
427 517
441 517
491 517
507 517
67 518
85 518
88 518
193 518
215 518
227 518
532 518
592 518
594 518
599 518
600 518
601 518
836 518
67 519
68 520
82 520
137 520
305 520
429 520
69 521
359 521
470 521
509 521
529 521
578 521
711 521
765 521
1016 521
69 522
483 522
491 522
607 522
69 523
314 523
349 523
362 523
418 523
466 523
528 523
546 523
570 523
765 523
822 523
1053 523
69 524
135 524
578 524
69 525
506 525
69 526
69 527
314 527
529 527
558 527
902 527
912 527
1054 527
69 528
73 528
226 528
523 528
549 528
765 528
822 528
69 529
521 529
527 529
558 529
903 529
70 530
950 530
70 531
881 531
70 532
110 532
113 532
117 532
120 532
167 532
168 532
182 532
218 532
227 532
237 532
280 532
316 532
333 532
335 532
355 532
367 532
518 532
654 532
680 532
687 532
705 532
831 532
1055 532
71 533
136 533
460 533
612 533
757 533
72 534
233 534
308 534
72 535
415 535
1056 535
72 536
131 536
72 537
500 537
72 538
106 538
353 538
372 538
392 538
415 538
451 538
950 538
1057 538
72 539
443 539
500 539
72 540
150 540
285 540
411 540
434 540
507 540
72 541
235 541
308 541
344 541
549 541
1009 541
72 542
284 542
299 542
329 542
389 542
396 542
410 542
434 542
552 542
725 542
726 542
729 542
756 542
833 542
886 542
888 542
73 543
122 543
284 543
329 543
331 543
332 543
333 543
335 543
356 543
384 543
410 543
420 543
429 543
433 543
558 543
581 543
617 543
687 543
709 543
721 543
1034 543
73 544
362 544
73 545
105 545
122 545
135 545
200 545
217 545
300 545
333 545
339 545
403 545
465 545
471 545
581 545
641 545
709 545
721 545
73 546
429 546
523 546
569 546
1053 546
1058 546
73 547
132 547
291 547
73 548
358 548
458 548
74 549
181 549
186 549
223 549
344 549
415 549
466 549
467 549
484 549
501 549
504 549
528 549
541 549
551 549
564 549
568 549
660 549
765 549
816 549
831 549
1059 549
74 550
74 551
183 551
308 551
346 551
549 551
765 551
74 552
299 552
356 552
381 552
389 552
396 552
407 552
411 552
412 552
413 552
434 552
438 552
468 552
504 552
542 552
571 552
590 552
725 552
726 552
729 552
730 552
756 552
788 552
884 552
885 552
886 552
887 552
888 552
74 553
76 553
568 553
663 553
853 553
1060 553
1061 553
74 554
81 554
101 554
137 554
278 554
339 554
351 554
422 554
429 554
460 554
475 554
479 554
481 554
564 554
565 554
709 554
824 554
849 554
868 554
869 554
928 554
1007 554
1062 554
74 555
124 555
221 555
248 555
312 555
592 555
687 555
775 555
833 555
834 555
860 555
1009 555
1063 555
75 556
144 556
267 556
573 556
75 557
152 557
267 557
573 557
720 557
721 557
75 558
314 558
333 558
468 558
527 558
529 558
543 558
902 558
903 558
912 558
1054 558
75 559
144 559
152 559
185 559
741 559
75 560
212 560
1064 560
75 561
860 561
902 561
912 561
1054 561
1065 561
1066 561
76 562
188 562
316 562
352 562
500 562
507 562
568 562
578 562
588 562
654 562
660 562
677 562
769 562
76 563
120 563
121 563
165 563
168 563
172 563
182 563
76 564
238 564
264 564
278 564
331 564
333 564
344 564
419 564
422 564
447 564
453 564
460 564
478 564
479 564
481 564
483 564
484 564
487 564
513 564
549 564
554 564
578 564
660 564
709 564
762 564
808 564
824 564
848 564
849 564
868 564
869 564
957 564
995 564
996 564
1026 564
76 565
133 565
136 565
287 565
339 565
486 565
554 565
816 565
824 565
1038 565
76 566
183 566
190 566
567 566
882 566
76 567
87 567
183 567
187 567
190 567
566 567
76 568
94 568
135 568
235 568
257 568
268 568
279 568
322 568
344 568
353 568
415 568
445 568
549 568
553 568
562 568
598 568
656 568
660 568
954 568
1061 568
76 569
110 569
114 569
117 569
119 569
120 569
124 569
185 569
546 569
669 569
76 570
523 570
76 571
299 571
341 571
389 571
396 571
434 571
552 571
595 571
726 571
756 571
788 571
885 571
886 571
887 571
888 571
76 572
184 572
256 572
399 572
612 572
659 572
960 572
980 572
76 573
84 573
140 573
145 573
146 573
147 573
148 573
149 573
150 573
152 573
185 573
190 573
203 573
267 573
300 573
341 573
354 573
404 573
416 573
468 573
503 573
505 573
556 573
557 573
710 573
851 573
77 574
92 574
333 574
400 574
420 574
78 575
79 576
136 576
339 576
79 577
80 577
80 578
105 578
142 578
150 578
185 578
188 578
189 578
211 578
218 578
227 578
242 578
327 578
341 578
353 578
382 578
384 578
403 578
454 578
521 578
524 578
562 578
564 578
603 578
604 578
611 578
656 578
659 578
671 578
715 578
811 578
866 578
891 578
1067 578
1068 578
1069 578
1070 578
1071 578
80 579
184 579
369 579
844 579
80 580
186 580
80 581
329 581
400 581
543 581
545 581
686 581
80 582
101 582
757 582
80 583
80 584
161 584
162 584
171 584
176 584
177 584
198 584
289 584
297 584
327 584
390 584
401 584
441 584
699 584
780 584
806 584
81 585
131 585
134 585
137 585
155 585
233 585
237 585
241 585
246 585
254 585
270 585
330 585
348 585
377 585
378 585
663 585
677 585
691 585
700 585
706 585
983 585
81 586
134 586
135 586
155 586
202 586
356 586
445 586
638 586
883 586
81 587
338 587
1031 587
1072 587
81 588
82 588
106 588
137 588
188 588
241 588
243 588
269 588
352 588
378 588
445 588
452 588
455 588
467 588
562 588
654 588
655 588
656 588
660 588
687 588
769 588
770 588
772 588
819 588
951 588
952 588
953 588
954 588
1073 588
82 589
187 589
662 589
83 590
143 590
153 590
233 590
239 590
298 590
299 590
347 590
356 590
412 590
413 590
552 590
591 590
724 590
730 590
743 590
744 590
747 590
748 590
756 590
940 590
945 590
946 590
961 590
84 591
142 591
143 591
153 591
239 591
243 591
276 591
284 591
332 591
356 591
381 591
387 591
388 591
409 591
590 591
724 591
725 591
726 591
743 591
744 591
746 591
945 591
85 592
193 592
215 592
219 592
222 592
291 592
327 592
518 592
555 592
594 592
595 592
650 592
725 592
895 592
1074 592
85 593
116 593
274 593
382 593
695 593
745 593
1075 593
1076 593
85 594
88 594
127 594
193 594
198 594
204 594
205 594
215 594
222 594
274 594
446 594
518 594
592 594
599 594
600 594
601 594
648 594
695 594
85 595
219 595
327 595
571 595
592 595
725 595
85 596
105 596
200 596
208 596
209 596
742 596
786 596
86 597
94 597
598 597
86 598
94 598
98 598
100 598
135 598
266 598
279 598
454 598
568 598
597 598
603 598
621 598
623 598
654 598
708 598
715 598
741 598
925 598
953 598
1032 598
1062 598
1077 598
88 599
193 599
196 599
216 599
218 599
221 599
317 599
518 599
594 599
601 599
780 599
786 599
88 600
193 600
518 600
594 600
725 600
742 600
965 600
88 601
193 601
518 601
594 601
599 601
1046 601
89 602
93 602
99 602
183 602
189 602
465 602
622 602
623 602
89 603
90 603
93 603
186 603
338 603
454 603
458 603
464 603
578 603
598 603
621 603
630 603
741 603
855 603
89 604
90 604
183 604
454 604
578 604
621 604
90 605
418 605
485 605
90 606
94 606
135 606
376 606
872 606
90 607
134 607
233 607
483 607
491 607
497 607
500 607
507 607
508 607
522 607
1041 607
90 608
334 608
376 608
634 608
924 608
985 608
90 609
370 609
421 609
872 609
90 610
96 610
376 610
432 610
612 610
822 610
967 610
1078 610
1079 610
91 611
131 611
315 611
348 611
578 611
614 611
1001 611
91 612
96 612
136 612
256 612
334 612
376 612
417 612
533 612
572 612
610 612
923 612
968 612
985 612
1080 612
1081 612
1082 612
1083 612
1084 612
91 613
230 613
1019 613
91 614
103 614
131 614
256 614
269 614
611 614
700 614
854 614
91 615
92 616
92 617
132 617
200 617
543 617
1085 617
92 618
92 619
92 620
270 620
336 620
93 621
454 621
598 621
603 621
604 621
737 621
93 622
189 622
191 622
454 622
602 622
623 622
1013 622
93 623
189 623
454 623
598 623
602 623
622 623
93 624
237 624
454 624
464 624
821 624
93 625
183 625
454 625
464 625
677 625
93 626
464 626
93 627
98 627
636 627
93 628
93 629
118 629
198 629
207 629
218 629
326 629
327 629
640 629
683 629
94 630
376 630
603 630
872 630
94 631
237 631
94 632
95 632
270 632
351 632
429 632
458 632
461 632
491 632
94 633
143 633
163 633
233 633
237 633
243 633
389 633
730 633
859 633
96 634
334 634
376 634
608 634
872 634
924 634
969 634
985 634
1078 634
98 635
98 636
434 636
627 636
737 636
1014 636
101 637
101 638
132 638
186 638
338 638
466 638
501 638
586 638
677 638
103 639
186 639
104 640
218 640
323 640
440 640
629 640
105 641
129 641
200 641
333 641
446 641
545 641
642 641
643 641
645 641
646 641
105 642
116 642
198 642
200 642
210 642
215 642
216 642
641 642
643 642
105 643
129 643
200 643
501 643
641 643
642 643
645 643
105 644
105 645
200 645
641 645
643 645
105 646
200 646
408 646
641 646
105 647
127 647
198 647
200 647
221 647
783 647
786 647
787 647
105 648
116 648
127 648
205 648
208 648
378 648
594 648
695 648
792 648
105 649
127 649
140 649
142 649
158 649
194 649
199 649
468 649
660 649
773 649
783 649
105 650
201 650
214 650
219 650
335 650
439 650
592 650
696 650
698 650
775 650
105 651
503 651
1086 651
106 652
415 652
452 652
106 653
853 653
106 654
188 654
279 654
352 654
452 654
455 654
467 654
532 654
562 654
588 654
598 654
656 654
660 654
769 654
770 654
772 654
106 655
588 655
106 656
352 656
452 656
568 656
578 656
588 656
654 656
769 656
953 656
106 657
268 657
391 657
402 657
452 657
661 657
752 657
825 657
846 657
979 657
106 658
308 658
333 658
340 658
935 658
987 658
1087 658
1088 658
1089 658
106 659
256 659
268 659
379 659
425 659
572 659
578 659
853 659
106 660
188 660
233 660
257 660
344 660
352 660
368 660
423 660
455 660
467 660
501 660
549 660
562 660
564 660
568 660
588 660
649 660
654 660
664 660
677 660
769 660
772 660
962 660
1060 660
106 661
158 661
338 661
378 661
395 661
657 661
704 661
752 661
754 661
984 661
1084 661
106 662
137 662
156 662
235 662
316 662
378 662
415 662
451 662
452 662
589 662
715 662
106 663
134 663
188 663
268 663
452 663
481 663
553 663
585 663
691 663
706 663
1090 663
106 664
660 664
1091 664
106 665
990 665
107 666
259 666
324 666
355 666
107 667
107 668
115 668
290 668
355 668
495 668
694 668
880 668
110 669
114 669
119 669
120 669
179 669
569 669
112 670
112 671
195 671
280 671
290 671
355 671
578 671
778 671
836 671
1092 671
113 672
130 672
210 672
259 672
367 672
115 673
329 673
115 674
224 674
115 675
195 675
224 675
367 675
480 675
489 675
694 675
875 675
1047 675
116 676
210 676
305 676
116 677
131 677
155 677
213 677
254 677
344 677
404 677
562 677
585 677
625 677
638 677
660 677
116 678
196 678
223 678
116 679
116 680
128 680
211 680
532 680
1093 680
116 681
326 681
117 682
136 682
118 683
629 683
118 684
126 684
120 685
122 686
284 686
581 686
122 687
156 687
199 687
250 687
306 687
351 687
367 687
433 687
434 687
453 687
532 687
543 687
555 687
588 687
692 687
698 687
703 687
704 687
1001 687
1007 687
1067 687
122 688
214 688
300 688
367 688
452 688
884 688
122 689
273 689
489 689
495 689
694 689
124 690
124 691
134 691
168 691
196 691
355 691
435 691
481 691
585 691
663 691
706 691
853 691
975 691
125 692
149 692
200 692
214 692
219 692
233 692
321 692
687 692
884 692
125 693
135 693
290 693
355 693
367 693
1086 693
125 694
195 694
255 694
277 694
280 694
290 694
355 694
489 694
495 694
668 694
675 694
689 694
1094 694
127 695
196 695
198 695
206 695
219 695
274 695
446 695
593 695
594 695
648 695
696 695
786 695
127 696
216 696
219 696
472 696
650 696
695 696
128 697
320 697
321 697
323 697
403 697
775 697
790 697
130 698
192 698
198 698
205 698
207 698
210 698
211 698
212 698
215 698
219 698
343 698
401 698
441 698
512 698
650 698
687 698
790 698
797 698
801 698
130 699
162 699
297 699
401 699
441 699
584 699
806 699
879 699
987 699
1095 699
131 700
183 700
459 700
498 700
585 700
614 700
840 700
131 701
269 701
399 701
459 701
499 701
840 701
1096 701
131 702
156 702
237 702
250 702
269 702
131 703
687 703
783 703
131 704
373 704
454 704
661 704
687 704
775 704
134 705
194 705
237 705
351 705
409 705
415 705
532 705
996 705
1097 705
134 706
481 706
585 706
663 706
691 706
755 706
847 706
994 706
1038 706
1039 706
1043 706
1098 706
134 707
237 707
316 707
358 707
458 707
825 707
853 707
954 707
1010 707
134 708
454 708
598 708
134 709
238 709
475 709
481 709
483 709
484 709
543 709
545 709
554 709
564 709
816 709
849 709
1035 709
1038 709
1098 709
135 710
267 710
573 710
721 710
732 710
733 710
851 710
135 711
137 711
186 711
233 711
252 711
269 711
313 711
330 711
350 711
359 711
466 711
521 711
861 711
900 711
1050 711
135 712
313 712
315 712
509 712
795 712
135 713
378 713
135 714
988 714
1099 714
135 715
183 715
578 715
598 715
662 715
950 715
136 716
256 716
136 717
136 718
260 718
313 718
508 718
812 718
140 719
141 719
148 719
267 719
908 719
140 720
147 720
354 720
557 720
140 721
149 721
543 721
545 721
557 721
710 721
140 722
141 723
142 723
143 723
152 723
737 723
142 724
183 724
332 724
356 724
389 724
396 724
412 724
413 724
434 724
504 724
590 724
591 724
744 724
746 724
747 724
940 724
941 724
945 724
946 724
958 724
986 724
1100 724
143 725
199 725
219 725
284 725
291 725
299 725
356 725
390 725
408 725
438 725
542 725
552 725
591 725
592 725
595 725
600 725
726 725
729 725
730 725
787 725
798 725
143 726
183 726
299 726
385 726
389 726
409 726
410 726
412 726
434 726
504 726
542 726
552 726
571 726
591 726
725 726
729 726
756 726
788 726
885 726
886 726
887 726
888 726
978 726
143 727
351 727
143 728
731 728
976 728
992 728
1003 728
143 729
284 729
299 729
305 729
389 729
409 729
434 729
438 729
542 729
552 729
725 729
726 729
859 729
143 730
299 730
332 730
372 730
381 730
386 730
393 730
407 730
500 730
504 730
552 730
590 730
633 730
725 730
756 730
945 730
981 730
982 730
983 730
143 731
406 731
408 731
450 731
728 731
974 731
992 731
1003 731
144 732
710 732
144 733
710 733
144 734
376 734
821 734
145 735
152 735
145 736
185 736
341 736
371 736
505 736
937 736
146 737
149 737
152 737
621 737
636 737
723 737
147 738
793 738
147 739
152 739
152 740
152 741
157 741
505 741
559 741
598 741
603 741
152 742
185 742
222 742
596 742
600 742
965 742
153 743
333 743
347 743
396 743
412 743
590 743
591 743
746 743
748 743
944 743
945 743
153 744
356 744
590 744
591 744
724 744
745 744
746 744
748 744
783 744
945 744
153 745
356 745
396 745
412 745
593 745
744 745
746 745
748 745
940 745
945 745
153 746
347 746
591 746
724 746
743 746
744 746
745 746
748 746
945 746
153 747
356 747
396 747
590 747
724 747
153 748
347 748
396 748
434 748
590 748
743 748
744 748
745 748
746 748
940 748
1075 748
157 749
306 749
414 749
443 749
158 750
271 750
356 750
358 750
378 750
417 750
872 750
158 751
158 752
391 752
395 752
657 752
661 752
158 753
378 753
395 753
754 753
158 754
661 754
753 754
812 754
158 755
260 755
418 755
508 755
706 755
159 756
276 756
299 756
389 756
396 756
398 756
431 756
434 756
542 756
552 756
571 756
590 756
726 756
730 756
775 756
788 756
885 756
886 756
887 756
888 756
160 757
460 757
471 757
476 757
486 757
487 757
513 757
533 757
582 757
808 757
848 757
1020 757
1025 757
1026 757
1027 757
1045 757
1101 757
160 758
160 759
163 760
176 761
308 761
339 761
340 761
456 761
930 761
935 761
182 762
564 762
182 763
183 764
498 764
1048 764
183 765
313 765
359 765
466 765
521 765
523 765
528 765
549 765
551 765
795 765
822 765
1053 765
1102 765
183 766
187 766
774 766
185 767
268 767
354 767
365 767
367 767
395 767
186 768
1103 768
188 769
256 769
352 769
358 769
467 769
562 769
588 769
654 769
656 769
660 769
770 769
953 769
188 770
467 770
588 770
654 770
769 770
819 770
975 770
1073 770
188 771
515 771
953 771
1104 771
188 772
451 772
588 772
654 772
660 772
819 772
189 773
411 773
649 773
976 773
189 774
464 774
766 774
896 774
192 775
193 775
198 775
217 775
230 775
248 775
331 775
407 775
408 775
420 775
429 775
443 775
512 775
555 775
650 775
697 775
704 775
756 775
809 775
833 775
834 775
884 775
192 776
240 776
194 777
196 777
195 778
337 778
671 778
196 779
196 780
197 780
198 780
199 780
215 780
216 780
218 780
221 780
289 780
317 780
327 780
584 780
599 780
786 780
196 781
211 781
289 781
390 781
197 782
198 783
205 783
293 783
647 783
649 783
703 783
744 783
786 783
199 784
380 784
381 784
382 784
384 784
385 784
885 784
890 784
891 784
895 784
936 784
199 785
199 786
215 786
216 786
221 786
289 786
363 786
390 786
596 786
599 786
647 786
695 786
780 786
783 786
200 787
647 787
725 787
200 788
299 788
389 788
410 788
434 788
552 788
571 788
726 788
756 788
885 788
886 788
887 788
888 788
203 789
204 790
219 790
697 790
698 790
204 791
205 792
208 792
211 792
212 792
219 792
648 792
212 793
213 793
738 793
1005 793
1067 793
1069 793
1078 793
1105 793
212 794
217 794
809 794
212 795
313 795
315 795
712 795
765 795
903 795
1066 795
213 796
361 796
384 796
213 797
698 797
216 798
401 798
725 798
218 799
926 799
219 800
219 801
698 801
220 802
390 802
401 802
433 802
1106 802
222 803
222 804
223 805
224 806
225 806
441 806
495 806
584 806
699 806
227 807
850 807
228 808
419 808
471 808
513 808
564 808
757 808
848 808
1023 808
1034 808
1097 808
230 809
248 809
379 809
389 809
443 809
512 809
775 809
794 809
833 809
834 809
231 810
254 810
334 810
470 810
233 811
302 811
480 811
578 811
957 811
1037 811
233 812
239 812
718 812
754 812
846 812
233 813
239 813
233 814
825 814
233 815
270 815
233 816
270 816
447 816
549 816
565 816
709 816
823 816
847 816
849 816
234 817
308 817
425 817
429 817
456 817
235 818
462 818
501 818
990 818
237 819
467 819
588 819
770 819
772 819
952 819
953 819
1058 819
237 820
853 820
237 821
454 821
464 821
501 821
624 821
734 821
237 822
432 822
523 822
528 822
610 822
765 822
1053 822
238 823
816 823
238 824
278 824
422 824
447 824
554 824
564 824
565 824
868 824
870 824
1036 824
1107 824
239 825
657 825
707 825
814 825
240 826
243 826
241 827
316 827
331 827
415 827
242 828
1062 828
243 829
270 829
351 829
243 830
243 831
532 831
549 831
976 831
244 832
248 833
379 833
388 833
504 833
512 833
542 833
555 833
775 833
809 833
834 833
908 833
248 834
443 834
512 834
555 834
775 834
809 834
833 834
1108 834
251 835
391 835
255 836
271 836
451 836
468 836
470 836
518 836
671 836
859 836
1010 836
1109 836
1110 836
1111 836
255 837
290 837
838 837
880 837
255 838
290 838
355 838
367 838
837 838
255 839
287 839
256 840
391 840
399 840
425 840
458 840
459 840
700 840
701 840
980 840
256 841
353 841
256 842
459 842
257 843
257 844
308 844
351 844
579 844
260 845
260 846
340 846
392 846
395 846
657 846
812 846
264 847
278 847
301 847
481 847
706 847
816 847
1035 847
1039 847
1043 847
1098 847
264 848
278 848
419 848
460 848
471 848
486 848
513 848
564 848
757 848
808 848
1034 848
1045 848
1098 848
264 849
301 849
475 849
479 849
482 849
554 849
564 849
709 849
816 849
1035 849
1037 849
1043 849
1098 849
265 850
807 850
267 851
416 851
573 851
710 851
267 852
268 853
553 853
653 853
659 853
691 853
707 853
820 853
929 853
269 854
614 854
869 854
269 855
603 855
868 855
869 855
871 855
923 855
1112 855
270 856
270 857
270 858
271 859
276 859
354 859
388 859
409 859
633 859
729 859
836 859
1113 859
271 860
312 860
432 860
555 860
561 860
907 860
963 860
1005 860
271 861
333 861
711 861
988 861
989 861
1050 861
273 862
274 863
275 864
368 864
427 864
276 865
976 865
1113 865
276 866
578 866
277 867
278 868
427 868
482 868
554 868
564 868
824 868
855 868
869 868
870 868
1112 868
278 869
483 869
554 869
564 869
854 869
855 869
868 869
1112 869
278 870
333 870
351 870
476 870
484 870
824 870
868 870
871 870
1035 870
1038 870
1114 870
278 871
484 871
855 871
870 871
279 872
370 872
376 872
417 872
606 872
609 872
630 872
634 872
750 872
287 873
287 874
355 874
489 874
495 874
1115 874
287 875
295 875
480 875
495 875
675 875
287 876
287 877
297 877
287 878
489 878
495 878
1095 878
287 879
367 879
699 879
290 880
668 880
837 880
296 881
308 881
330 881
342 881
531 881
297 882
377 882
441 882
566 882
298 883
586 883
298 884
299 884
341 884
383 884
389 884
413 884
429 884
434 884
552 884
688 884
692 884
775 884
1116 884
299 885
389 885
434 885
552 885
571 885
726 885
756 885
784 885
788 885
886 885
887 885
888 885
299 886
389 886
434 886
542 886
552 886
571 886
726 886
756 886
788 886
885 886
887 886
888 886
299 887
389 887
434 887
552 887
571 887
726 887
756 887
788 887
885 887
886 887
888 887
299 888
389 888
434 888
542 888
552 888
571 888
726 888
756 888
788 888
885 888
886 888
887 888
303 889
341 889
357 889
512 889
891 889
896 889
936 889
303 890
341 890
381 890
382 890
385 890
388 890
396 890
507 890
784 890
978 890
1117 890
303 891
341 891
357 891
384 891
578 891
784 891
889 891
896 891
907 891
303 892
341 892
381 892
384 892
393 892
396 892
409 892
410 892
431 892
504 892
303 893
332 893
393 893
504 893
303 894
393 894
895 894
920 894
976 894
981 894
982 894
983 894
1011 894
303 895
332 895
393 895
504 895
592 895
784 895
894 895
920 895
976 895
981 895
983 895
303 896
341 896
357 896
384 896
385 896
512 896
774 896
889 896
891 896
924 896
936 896
304 897
306 898
429 898
1118 898
306 899
311 899
900 899
306 900
711 900
899 900
1058 900
307 901
310 902
314 902
392 902
527 902
558 902
561 902
912 902
1066 902
310 903
529 903
558 903
795 903
312 904
408 904
431 904
512 904
908 904
1051 904
312 905
332 905
356 905
402 905
312 906
312 907
432 907
860 907
891 907
911 907
1004 907
1005 907
1067 907
1069 907
312 908
336 908
341 908
408 908
427 908
512 908
719 908
833 908
904 908
992 908
1003 908
313 909
313 910
1005 910
1067 910
1069 910
1078 910
1105 910
313 911
907 911
314 912
468 912
527 912
558 912
561 912
902 912
1054 912
1065 912
1066 912
316 913
316 914
415 914
452 914
319 915
322 915
446 915
321 916
322 917
326 918
330 919
429 919
1119 919
332 920
393 920
504 920
894 920
895 920
981 920
983 920
333 921
358 921
1090 921
333 922
460 922
486 922
1002 922
334 923
457 923
612 923
855 923
1023 923
334 924
608 924
634 924
896 924
985 924
334 925
598 925
335 926
799 926
337 927
433 927
339 928
554 928
1062 928
339 929
368 929
425 929
853 929
339 930
354 930
761 930
1120 930
339 931
1011 931
1121 931
339 932
432 932
468 932
963 932
1005 932
339 933
477 933
340 934
340 935
658 935
761 935
987 935
1087 935
341 936
382 936
784 936
889 936
896 936
341 937
410 937
736 937
341 938
384 938
387 938
344 939
347 940
590 940
724 940
745 940
748 940
941 940
946 940
347 941
724 941
940 941
942 941
347 942
398 942
507 942
941 942
958 942
347 943
396 943
412 943
347 944
396 944
743 944
347 945
356 945
590 945
591 945
724 945
730 945
743 945
744 945
745 945
746 945
347 946
356 946
590 946
724 946
940 946
349 947
350 948
350 949
352 950
451 950
530 950
538 950
715 950
952 950
352 951
588 951
352 952
467 952
588 952
819 952
950 952
352 953
368 953
392 953
588 953
598 953
656 953
769 953
771 953
819 953
353 954
365 954
369 954
568 954
588 954
707 954
962 954
354 955
355 956
355 957
422 957
479 957
480 957
564 957
811 957
995 957
996 957
1037 957
355 958
388 958
396 958
398 958
724 958
942 958
986 958
1063 958
1100 958
355 959
356 960
399 960
572 960
1122 960
356 961
590 961
358 962
365 962
368 962
660 962
954 962
362 963
432 963
860 963
932 963
367 964
367 965
468 965
600 965
742 965
367 966
376 967
610 967
376 968
403 968
612 968
1080 968
1084 968
376 969
634 969
376 970
376 971
377 972
377 973
378 974
731 974
378 975
691 975
770 975
380 976
393 976
398 976
728 976
773 976
831 976
865 976
894 976
895 976
981 976
983 976
382 977
389 978
726 978
890 978
391 979
496 979
498 979
657 979
1123 979
392 980
459 980
572 980
840 980
1068 980
393 981
504 981
730 981
894 981
895 981
920 981
976 981
983 981
1124 981
393 982
730 982
894 982
393 983
413 983
585 983
730 983
894 983
895 983
920 983
976 983
981 983
395 984
661 984
396 985
608 985
612 985
634 985
924 985
396 986
724 986
958 986
401 987
658 987
699 987
935 987
1087 987
402 988
714 988
861 988
1050 988
402 989
861 989
1050 989
404 990
462 990
665 990
818 990
1009 990
407 991
407 992
512 992
728 992
731 992
908 992
1003 992
410 993
434 993
418 994
706 994
418 995
460 995
477 995
482 995
483 995
484 995
486 995
564 995
957 995
996 995
1026 995
1043 995
1112 995
422 996
447 996
477 996
480 996
564 996
705 996
957 996
995 996
423 997
1123 997
427 998
1125 998
427 999
507 999
427 1000
429 1001
458 1001
499 1001
611 1001
687 1001
1049 1001
1126 1001
429 1002
460 1002
922 1002
431 1003
728 1003
731 1003
908 1003
992 1003
432 1004
907 1004
1005 1004
1067 1004
1069 1004
1105 1004
432 1005
793 1005
860 1005
907 1005
910 1005
932 1005
1004 1005
1067 1005
1069 1005
1070 1005
1105 1005
439 1006
447 1007
475 1007
554 1007
687 1007
451 1008
483 1008
452 1009
456 1009
462 1009
541 1009
555 1009
990 1009
1127 1009
452 1010
467 1010
707 1010
836 1010
452 1011
894 1011
931 1011
454 1012
454 1013
464 1013
622 1013
454 1014
636 1014
458 1015
458 1016
521 1016
459 1017
1019 1017
1068 1017
459 1018
459 1019
613 1019
1017 1019
1068 1019
460 1020
475 1020
477 1020
486 1020
757 1020
460 1021
460 1022
483 1022
460 1023
486 1023
808 1023
923 1023
1128 1023
460 1024
484 1024
1097 1024
460 1025
757 1025
460 1026
487 1026
564 1026
757 1026
995 1026
1045 1026
460 1027
757 1027
462 1028
464 1029
466 1030
466 1031
587 1031
468 1032
598 1032
1069 1032
1078 1032
468 1033
471 1034
513 1034
543 1034
808 1034
848 1034
475 1035
483 1035
709 1035
847 1035
849 1035
870 1035
1038 1035
1039 1035
1043 1035
1098 1035
477 1036
486 1036
824 1036
479 1037
480 1037
811 1037
849 1037
957 1037
481 1038
565 1038
706 1038
709 1038
870 1038
1035 1038
481 1039
706 1039
847 1039
1035 1039
1043 1039
1098 1039
483 1040
483 1041
491 1041
497 1041
607 1041
483 1042
483 1043
706 1043
847 1043
849 1043
995 1043
1035 1043
1039 1043
1098 1043
487 1044
487 1045
757 1045
848 1045
1026 1045
1112 1045
489 1046
601 1046
495 1047
675 1047
498 1048
764 1048
499 1049
1001 1049
504 1050
509 1050
711 1050
861 1050
988 1050
989 1050
512 1051
904 1051
514 1052
523 1053
546 1053
765 1053
822 1053
1129 1053
527 1054
558 1054
561 1054
912 1054
532 1055
535 1056
538 1057
546 1058
819 1058
900 1058
549 1059
553 1060
660 1060
553 1061
568 1061
554 1062
598 1062
828 1062
928 1062
555 1063
958 1063
560 1064
561 1065
912 1065
561 1066
795 1066
902 1066
912 1066
1105 1066
578 1067
687 1067
793 1067
907 1067
910 1067
1004 1067
1005 1067
1069 1067
1070 1067
1078 1067
1105 1067
578 1068
980 1068
1017 1068
1019 1068
578 1069
793 1069
907 1069
910 1069
1004 1069
1005 1069
1032 1069
1067 1069
1070 1069
1078 1069
1105 1069
578 1070
1005 1070
1067 1070
1069 1070
1105 1070
578 1071
587 1072
588 1073
770 1073
1130 1073
592 1074
593 1075
748 1075
593 1076
598 1077
610 1078
634 1078
793 1078
910 1078
1032 1078
1067 1078
1069 1078
1079 1078
610 1079
1078 1079
612 1080
968 1080
1084 1080
1131 1080
612 1081
612 1082
612 1083
612 1084
661 1084
968 1084
1080 1084
617 1085
651 1086
693 1086
658 1087
935 1087
987 1087
1132 1087
658 1088
1089 1088
658 1089
1088 1089
663 1090
921 1090
664 1091
671 1092
680 1093
694 1094
699 1095
878 1095
701 1096
1133 1096
705 1097
808 1097
1024 1097
706 1098
709 1098
847 1098
848 1098
849 1098
1035 1098
1039 1098
1043 1098
1112 1098
714 1099
724 1100
958 1100
757 1101
765 1102
768 1103
771 1104
793 1105
910 1105
1004 1105
1005 1105
1066 1105
1067 1105
1069 1105
1070 1105
802 1106
824 1107
834 1108
836 1109
836 1110
836 1111
855 1112
868 1112
869 1112
995 1112
1045 1112
1098 1112
859 1113
865 1113
870 1114
874 1115
884 1116
890 1117
898 1118
919 1119
930 1120
931 1121
960 1122
979 1123
997 1123
981 1124
998 1125
1001 1126
1009 1127
1023 1128
1053 1129
1073 1130
1080 1131
1087 1132
1096 1133
