3848 3
6 4
471 6
4 8
8 8
6464 16
170 23
4174 29
3 30
8 30
170 30
3848 30
170 32
3506 32
4172 32
4924 33
5647 33
3847 36
3904 36
1 37
1 38
1 39
1 40
1 41
1 42
1 43
1 44
1 45
1 46
46 47
1 48
1 49
1 50
1 51
1 52
1 53
53 54
53 55
53 56
53 57
53 58
53 59
53 60
53 61
53 62
1 63
1 64
64 65
64 66
64 67
64 68
64 69
64 70
64 71
88 72
64 73
64 74
64 75
64 76
64 77
64 78
64 79
64 80
64 81
64 82
64 83
64 84
5503 84
64 85
85 86
64 87
1 88
88 89
88 90
88 91
88 92
88 93
88 94
88 95
88 96
88 97
88 98
88 99
88 100
1 102
1 103
3860 103
1 104
3872 107
3872 108
3872 109
3872 110
3872 111
3510 112
3872 112
3872 113
3872 114
3872 115
3872 116
3872 117
3872 118
3872 119
3872 120
3872 121
3872 122
3872 123
3872 125
3872 127
3872 128
3872 129
129 130
129 131
3872 132
3872 133
3872 134
3872 135
3872 136
3872 137
3872 138
3872 139
139 140
3872 140
139 141
139 142
3872 143
3 145
3 146
3 147
3 148
3477 148
3848 149
3 150
4831 150
3 151
275 151
5711 152
3 153
3 154
6865 154
6867 154
3 155
3 156
3 157
3 158
3 159
3 160
4 161
4 163
4299 163
6445 163
4 164
4 166
8 166
9 166
163 166
5469 166
4 167
4299 168
4299 169
4 170
8 170
33 171
171 173
171 174
170 175
30 176
170 176
1 177
170 177
3941 178
3941 179
3941 180
3941 181
1812 182
3941 182
177 183
3941 184
3941 185
3941 186
3941 187
3941 188
3941 189
3942 190
3942 191
3942 192
3942 193
3942 194
170 195
3942 195
3942 196
3942 197
3942 198
3942 199
3942 200
3942 201
3942 202
177 203
3951 205
3951 206
3951 208
3951 210
3951 211
3951 212
3951 213
3951 214
3951 215
3951 216
3951 218
8 220
10 220
170 220
170 221
335 222
170 224
170 225
170 226
170 227
170 228
170 229
170 230
170 231
170 232
170 233
170 234
170 235
170 236
23 237
170 237
170 238
170 239
170 240
170 241
170 242
170 244
170 245
170 246
170 247
247 248
247 249
247 250
247 251
247 252
170 253
247 254
247 255
247 256
247 257
247 258
247 259
247 260
247 261
247 262
247 263
170 264
170 265
4942 265
265 266
265 267
265 268
265 269
265 270
265 271
265 272
265 273
170 274
8 275
163 275
170 275
275 276
275 277
275 278
275 279
170 280
170 281
170 282
4942 282
3903 285
170 286
3903 287
170 288
4 289
23 289
163 289
170 289
3903 289
8304 289
3903 290
170 291
170 297
32 298
3908 299
32 300
3908 301
32 303
3908 303
3908 304
3909 305
4 307
15 307
170 308
4 309
3486 309
4 310
35 310
4977 310
5213 310
4 311
4 312
5213 312
8353 312
4 313
1953 313
6799 313
4 314
4 315
4817 315
6754 315
4 316
5592 316
15 317
170 317
4 318
4 319
4 320
6114 320
6115 320
6226 320
4 321
5829 321
4 322
4 323
4 324
3848 324
5711 324
4 325
170 326
5092 326
4 327
4 328
170 329
4942 329
170 330
170 331
170 332
163 334
170 335
4174 335
4942 335
170 336
170 337
5087 337
5 338
338 339
338 340
338 341
338 342
338 343
338 344
338 345
338 346
338 347
5 348
348 349
348 350
348 351
5 352
352 353
352 354
352 355
352 356
352 357
352 358
352 359
352 360
352 361
352 362
352 363
352 364
352 365
352 366
352 367
5 368
5 369
5 370
5 371
5 372
5 373
5 374
5 375
5 376
5 377
5 378
5 379
5 380
5 381
5 382
5 383
5 384
5 385
5 386
5 387
5 388
10 388
5 389
23 389
5 390
5029 390
5 391
5 392
5 393
5 394
5 395
5 396
5 397
5 398
5 399
5 400
5 401
5 402
5 403
5 404
5 405
5 406
5 407
5 408
408 409
408 410
408 411
408 412
408 413
408 414
408 415
408 416
408 417
408 418
408 419
408 420
408 421
408 422
5 423
5 424
5 425
5 426
5 427
5 428
3848 428
5 429
3848 429
5 430
5 431
5 432
5 433
5 434
5 435
5 436
5 437
5 438
5 439
5 440
5 441
5 442
5 443
443 444
443 445
5819 445
443 446
443 447
443 448
443 449
443 450
443 451
443 452
443 453
443 454
443 455
443 456
443 457
443 458
443 459
443 460
443 461
443 462
443 463
443 464
443 465
6 466
6 467
6 468
6 469
6 470
6 471
1611 471
471 472
471 474
6 475
471 475
4240 475
6 476
471 476
476 477
476 478
476 479
476 481
471 483
471 484
471 485
2785 485
6 491
491 492
491 493
491 494
6 495
6 497
23 497
6 498
23 498
6 499
6 500
6 501
6 502
6 504
6 505
4173 721
4173 722
4173 723
4173 724
4173 725
4173 726
4173 727
4173 728
4173 729
4173 730
4173 731
4173 732
4173 733
4173 734
4173 735
4173 736
4173 737
4173 738
4173 739
4173 740
4173 741
4173 742
4173 743
4173 744
4173 745
4173 746
4173 747
4173 748
4173 749
4173 750
4173 751
4173 752
4173 753
4173 754
4173 755
4173 756
4173 757
4173 758
4173 759
4173 760
4173 761
4173 762
4173 763
4173 764
4173 765
4173 766
4173 767
4173 768
4173 769
4173 770
4173 771
4173 772
4173 773
4173 774
4173 775
4173 776
4173 777
4173 778
4173 779
4173 780
4173 781
4173 782
4173 783
4173 784
4173 785
4173 786
4173 787
4173 788
4173 789
4173 790
4173 791
4173 792
4173 793
4173 794
4173 795
4173 796
4173 797
4173 798
4173 799
4173 800
4173 801
4173 802
4173 803
4173 804
4173 805
4173 806
4173 807
4173 808
4173 809
4173 810
4173 811
4173 812
4173 813
4173 814
4173 815
4173 816
4173 817
4173 818
4173 819
4173 820
4173 821
4173 822
4173 823
4173 824
4173 825
4173 826
4173 827
4173 828
4173 829
4173 830
4173 831
4173 832
4173 833
4173 834
4173 835
4173 836
4173 837
4173 838
4173 839
4173 840
4173 841
4173 842
4173 843
4173 844
4173 845
4173 846
4173 847
4173 848
4173 849
4173 850
4173 851
4173 852
4173 853
4173 854
4173 855
4173 856
4173 857
4173 858
4173 859
4173 860
4173 861
4173 862
4173 863
4173 864
4173 865
4173 866
4173 867
4173 868
4173 869
4173 870
4173 871
4173 872
4173 873
4173 874
4173 875
4173 876
4173 877
4173 878
4173 879
4173 880
4173 881
4173 882
4173 883
4173 884
4173 885
4173 886
4173 887
4173 888
4173 889
4173 890
4173 891
4173 892
4173 893
4173 894
4173 895
4173 896
4173 897
4173 898
4173 899
4173 900
4173 901
4173 902
4173 903
4173 904
4173 905
4173 906
4173 907
4173 908
4173 909
4173 910
4173 911
4173 912
4173 913
4173 914
4173 915
4173 916
4173 917
4173 918
4173 919
4173 920
4173 921
4173 922
4173 923
4173 924
4173 925
4173 926
4173 927
4173 928
4173 929
4173 930
4173 931
4173 932
4173 933
4173 934
4173 935
4173 936
4173 937
4173 938
4173 939
4173 940
4173 941
4173 942
4173 943
4173 944
4173 945
4173 946
4173 947
4173 948
4173 949
4173 950
4173 951
4173 952
4173 953
4173 954
4173 955
4173 956
4173 957
4173 958
4173 959
4173 960
4173 961
4173 962
4173 963
4173 964
4173 965
4173 966
4173 967
4173 968
4173 969
4173 970
4173 971
4173 972
4173 973
4173 974
4173 975
4173 976
4173 977
4173 978
4173 979
4173 980
4173 981
4173 982
4173 983
4173 984
4173 985
4173 986
4173 987
4173 988
4173 989
4173 990
4173 991
4173 992
4173 993
4173 994
4173 995
4173 996
4173 997
4173 998
4173 999
4173 1000
4173 1001
4173 1002
4173 1003
4173 1004
4173 1005
4173 1006
4173 1007
4173 1008
4173 1009
4173 1010
4173 1011
4173 1012
4173 1013
4173 1014
4173 1015
4173 1016
4173 1017
4173 1018
4173 1019
4173 1020
4173 1021
4173 1022
4173 1023
4173 1024
4173 1025
4173 1026
4173 1027
4173 1028
4173 1029
4173 1030
4173 1031
4173 1032
4173 1033
4173 1034
4173 1035
4173 1036
4173 1037
4173 1038
4173 1039
4173 1040
4173 1041
4173 1042
4173 1043
4173 1044
4173 1045
4173 1046
4173 1047
4173 1048
4173 1049
4173 1050
4173 1051
4173 1052
4173 1053
4173 1054
4173 1055
4173 1056
4173 1057
4173 1058
4173 1059
4173 1060
4173 1061
4173 1062
4173 1063
4173 1064
4173 1065
4173 1066
4173 1067
4173 1068
4173 1069
4173 1070
4173 1071
4173 1072
4173 1073
4173 1074
4173 1075
4173 1076
4173 1077
4173 1078
4173 1079
4173 1080
4173 1081
4173 1082
4173 1083
4173 1084
4173 1085
4173 1086
4173 1087
4173 1088
4173 1089
4173 1090
4173 1091
4173 1092
4173 1093
4173 1094
4173 1095
4173 1096
4173 1097
4173 1098
4173 1099
4173 1100
4173 1101
4173 1102
4173 1103
4173 1104
4173 1105
4173 1106
4173 1107
4173 1108
4173 1109
4173 1110
4173 1111
4173 1112
4173 1113
4173 1114
4173 1115
4173 1116
4173 1117
4173 1118
4173 1119
4173 1120
4173 1121
4173 1122
4173 1123
4173 1124
4173 1125
4173 1126
4173 1127
4173 1128
4173 1129
4173 1130
4173 1131
4173 1132
4173 1133
4173 1134
4173 1135
4173 1136
4173 1137
4173 1138
4173 1139
4173 1140
4173 1141
4173 1142
4173 1143
4173 1144
4173 1145
4173 1146
4173 1147
4173 1148
4173 1149
4173 1150
4173 1151
4173 1152
4173 1153
4173 1154
4173 1155
4173 1156
3897 1157
4173 1157
4173 1158
4173 1159
4173 1160
4173 1161
4173 1162
4173 1163
4173 1164
4173 1165
4173 1166
4173 1167
4173 1168
4173 1169
4173 1170
4173 1171
4173 1172
4173 1173
4173 1174
4173 1175
4173 1176
4173 1177
4173 1178
4173 1179
4173 1180
4173 1181
4173 1182
4173 1183
4173 1184
4173 1185
4173 1186
4173 1187
4173 1188
4173 1189
4173 1190
4173 1191
4173 1192
4173 1193
4173 1194
4173 1195
4173 1196
4173 1197
4173 1198
4173 1199
4173 1200
4173 1201
4173 1202
4173 1203
4173 1204
4173 1205
4173 1206
4173 1207
4173 1208
4173 1209
4173 1210
4173 1211
4173 1212
4173 1213
4173 1214
4173 1215
4173 1216
4173 1217
4173 1218
4173 1219
4173 1220
4173 1221
4173 1222
4173 1223
4173 1224
4173 1225
4173 1226
4173 1227
4173 1228
4173 1229
4173 1230
4173 1231
4173 1232
4173 1233
4173 1234
4173 1235
4173 1236
4173 1237
4173 1238
4173 1239
4173 1240
4173 1241
4173 1242
4173 1243
4173 1244
4173 1245
4173 1246
4173 1247
4173 1248
4173 1249
4173 1250
4173 1251
4173 1252
4173 1253
4173 1254
4173 1255
4173 1256
4173 1257
4173 1258
4173 1259
4173 1260
4173 1261
4173 1262
4173 1263
4173 1264
4173 1265
4173 1266
8227 1266
4173 1267
8 1269
8 1270
8 1274
8 1275
8 1276
8 1277
8 1278
23 1278
8 1281
4174 1281
8 1282
8 1283
1286 1283
8 1284
1286 1284
8 1285
8 1286
1286 1287
4174 1289
4174 1290
4174 1291
4174 1293
8 1294
163 1294
170 1294
4174 1294
5487 1294
4174 1295
4174 1296
4 1297
170 1297
4174 1297
4174 1298
4174 1299
4174 1300
4174 1308
4174 1312
4174 1314
1314 1315
14 1316
4174 1316
9 1317
1317 1318
1317 1319
1317 1320
1317 1321
1317 1322
1317 1323
1317 1324
1317 1325
1317 1326
1317 1327
1317 1328
1317 1329
1317 1330
1317 1331
1317 1332
9 1333
1333 1334
1333 1335
1333 1336
1333 1337
1333 1338
1333 1339
1333 1340
1333 1341
1333 1342
1333 1343
1333 1344
1333 1345
1333 1346
1333 1347
9 1348
1348 1349
1348 1350
1348 1351
1348 1352
1348 1353
1348 1354
1348 1355
1348 1356
1348 1357
1348 1358
1348 1359
1348 1361
9 1362
1362 1363
1362 1364
1362 1365
1362 1366
1362 1367
1362 1368
1362 1369
1362 1370
1362 1371
1362 1372
1362 1373
1362 1374
1362 1375
1362 1376
1362 1377
1362 1378
1362 1379
1362 1380
1362 1381
1362 1382
1362 1383
1362 1384
1362 1385
1362 1386
1362 1387
1362 1388
1362 1389
1362 1390
1362 1391
1362 1392
1362 1393
1362 1394
1362 1395
1362 1396
1362 1397
1362 1398
1362 1399
1362 1400
1362 1401
1362 1402
1362 1403
1362 1404
1362 1405
1362 1406
1362 1407
1362 1408
1362 1409
1362 1410
1362 1411
1362 1412
1362 1413
1362 1414
9 1415
10 1416
10 1417
10 1418
10 1419
10 1420
10 1421
10 1422
10 1423
10 1424
10 1426
10 1427
10 1428
10 1429
10 1431
10 1432
10 1433
10 1435
10 1436
10 1437
10 1438
10 1439
25 1439
10 1440
10 1441
10 1442
10 1443
10 1444
10 1445
10 1446
10 1447
10 1448
10 1449
10 1451
10 1452
10 1453
10 1454
10 1455
10 1456
10 1457
10 1458
10 1459
10 1460
10 1461
10 1462
10 1463
10 1464
10 1465
10 1466
10 1467
10 1468
10 1469
10 1470
10 1471
10 1472
10 1473
10 1474
10 1475
10 1476
10 1477
10 1478
10 1479
10 1480
10 1481
10 1482
10 1483
10 1484
10 1485
10 1486
10 1487
10 1488
10 1489
10 1490
10 1491
10 1492
15 1492
10 1493
1611 1493
10 1495
10 1496
10 1498
10 1499
10 1500
10 1501
10 1502
10 1503
10 1504
10 1505
10 1506
10 1507
10 1508
10 1509
10 1510
10 1511
10 1512
10 1513
10 1514
10 1515
1515 1516
1515 1517
1515 1518
10 1519
10 1520
33 1520
4817 1521
10 1522
10 1523
10 1524
10 1525
10 1526
10 1528
10 1529
1529 1530
1529 1531
1529 1532
1529 1533
1529 1534
1529 1535
1529 1536
1529 1537
1529 1538
1529 1539
1529 1540
1529 1541
1529 1542
1529 1543
1529 1544
10 1545
10 1546
10 1547
10 1548
10 1549
10 1550
10 1551
10 1552
10 1553
10 1554
10 1555
10 1556
10 1557
10 1559
10 1560
10 1561
10 1562
10 1563
10 1564
10 1566
10 1567
10 1568
10 1569
10 1570
10 1571
11 1572
1572 1573
1572 1574
1574 1575
1572 1576
1572 1577
1572 1578
1572 1579
1572 1580
11 1581
15 1581
11 1582
11 1583
11 1584
11 1585
11 1586
11 1589
11 1590
11 1591
11 1592
11 1593
11 1594
11 1595
11 1596
11 1597
11 1598
11 1599
11 1600
11 1601
11 1602
11 1603
11 1604
11 1605
11 1606
11 1607
11 1608
11 1609
11 1610
11 1614
11 1615
11 1616
31 1658
13 1662
13 1663
13 1664
13 1665
13 1666
13 1667
13 1668
13 1669
13 1670
13 1671
13 1672
13 1673
13 1674
13 1675
13 1676
13 1677
13 1678
13 1679
13 1680
13 1681
13 1682
13 1683
13 1684
13 1685
13 1686
13 1688
13 1689
13 1690
13 1691
13 1692
13 1693
13 1694
13 1695
13 1696
13 1697
13 1698
13 1699
13 1700
13 1701
13 1703
13 1704
13 1705
13 1706
13 1707
13 1708
13 1709
13 1710
13 1711
13 1712
13 1713
13 1714
13 1715
13 1716
13 1717
13 1718
13 1719
13 1720
13 1721
13 1722
13 1723
13 1724
13 1725
13 1726
13 1727
13 1728
13 1729
13 1730
13 1731
13 1732
13 1733
13 1734
13 1735
13 1737
13 1739
13 1740
13 1742
13 1743
13 1744
13 1745
13 1746
13 1747
13 1748
13 1749
13 1750
13 1751
13 1752
13 1753
13 1754
13 1755
13 1756
13 1757
13 1758
13 1759
13 1760
13 1761
13 1762
13 1764
13 1765
13 1766
13 1767
13 1768
13 1769
13 1770
13 1771
13 1772
13 1773
1773 1774
1773 1775
1773 1776
1773 1777
1773 1778
1773 1779
1773 1780
1773 1781
13 1782
13 1783
13 1784
13 1785
13 1786
13 1787
13 1788
13 1789
13 1790
13 1791
13 1792
13 1793
13 1794
13 1795
13 1796
13 1797
13 1798
13 1799
13 1800
13 1801
13 1802
13 1803
13 1804
3477 1805
13 1806
13 1807
13 1808
13 1809
14 1810
1810 1811
1810 1812
14 1813
14 1814
14 1815
14 1816
14 1817
14 1818
14 1819
14 1820
14 1821
14 1822
14 1823
14 1824
14 1825
1611 1829
1611 1838
1611 1846
1611 1847
2811 1847
1611 1848
1611 1849
14 1853
1853 1854
1853 1855
1853 1856
1853 1857
1853 1858
1853 1859
1853 1860
1853 1861
1853 1862
1853 1863
1853 1864
1853 1865
1853 1866
1853 1867
1853 1868
1853 1869
1869 1870
1869 1871
7082 1871
1869 1872
326 1873
1869 1873
4926 1873
6051 1873
1869 1874
1869 1875
6480 1875
14 1877
14 1879
14 1880
1879 1880
14 1881
14 1882
14 1883
14 1884
14 1885
14 1886
14 1887
14 1888
7012 1888
14 1889
14 1890
1879 1890
4823 1890
1879 1891
14 1892
14 1893
14 1894
6008 1894
15 1896
15 1897
15 1898
15 1899
15 1900
15 1901
15 1902
15 1903
15 1904
15 1905
15 1906
15 1907
15 1908
15 1909
15 1910
15 1911
15 1912
15 1913
15 1914
15 1915
15 1916
15 1917
15 1918
15 1919
15 1920
15 1921
15 1922
15 1923
15 1924
15 1925
15 1926
15 1927
15 1928
15 1929
15 1930
15 1931
15 1932
15 1933
15 1934
15 1935
15 1936
15 1937
15 1938
15 1939
15 1940
15 1941
15 1942
15 1943
15 1944
15 1945
15 1946
15 1947
15 1948
15 1949
15 1950
15 1951
15 1952
15 1953
5076 1953
15 1954
15 1955
15 1956
15 1957
15 1958
15 1959
15 1960
15 1961
15 1962
15 1963
15 1964
15 1965
15 1966
15 1967
15 1968
15 1970
15 1971
15 1972
15 1973
15 1974
15 1975
15 1976
15 1977
15 1978
15 1979
15 1980
317 1980
15 1981
15 1982
15 1983
16 1984
16 1985
1984 1985
16 1986
1984 1986
1984 1987
1987 1988
1987 1989
1987 1990
1990 1991
1990 1992
1990 1993
16 1994
1994 1995
1994 1996
1994 1997
1994 1998
1994 1999
16 2014
2014 2015
2014 2016
16 2017
2017 2018
16 2019
2019 2020
5875 2020
16 2021
16 2022
17 2023
17 2024
17 2025
17 2026
17 2027
17 2028
17 2029
17 2030
17 2031
2031 2032
2031 2033
2031 2034
2031 2035
17 2036
17 2037
17 2038
17 2039
17 2040
17 2041
17 2042
17 2043
17 2044
2044 2045
17 2046
17 2047
17 2048
17 2049
17 2050
17 2051
17 2052
17 2053
17 2054
17 2055
17 2056
17 2057
17 2058
17 2059
17 2060
17 2061
17 2062
17 2063
17 2064
17 2065
17 2066
17 2067
17 2068
17 2069
17 2070
17 2071
17 2072
17 2073
17 2074
17 2075
17 2076
17 2077
17 2078
17 2079
17 2082
17 2083
17 2085
17 2087
20 2586
20 2587
20 2588
20 2589
20 2590
20 2591
20 2592
20 2593
20 2594
20 2595
20 2596
20 2597
20 2598
20 2599
20 2600
20 2601
20 2602
20 2603
20 2604
20 2605
20 2606
20 2607
20 2608
20 2609
20 2610
20 2611
20 2612
20 2613
20 2614
20 2615
20 2616
20 2617
20 2618
20 2619
20 2620
20 2621
20 2622
20 2623
20 2624
20 2625
20 2626
20 2627
20 2628
20 2629
20 2630
20 2631
20 2632
20 2633
20 2634
20 2635
20 2636
20 2637
20 2638
20 2639
20 2640
20 2641
20 2642
20 2643
20 2644
20 2645
20 2646
20 2647
20 2648
20 2649
20 2650
20 2651
20 2652
20 2653
20 2654
20 2655
20 2656
20 2657
20 2658
20 2659
20 2661
20 2662
20 2663
20 2664
20 2665
20 2666
20 2667
20 2668
20 2669
20 2670
20 2671
20 2672
20 2673
20 2674
20 2675
17 2676
20 2676
20 2677
20 2678
22 2722
22 2723
22 2724
22 2725
22 2726
22 2727
22 2728
22 2729
22 2730
22 2731
22 2732
22 2733
22 2734
22 2735
22 2736
22 2737
22 2738
22 2739
22 2740
22 2741
22 2742
22 2743
22 2744
22 2745
22 2746
22 2747
22 2748
22 2749
22 2750
17 2751
22 2751
23 2752
23 2753
2753 2754
2753 2755
2753 2756
2753 2757
2753 2758
2753 2759
2753 2760
2753 2761
23 2762
2762 2763
23 2764
2762 2765
2762 2766
2762 2767
23 2768
23 2769
2769 2770
2769 2771
2769 2772
2769 2773
2769 2774
23 2775
2775 2776
2775 2777
2775 2778
2775 2779
2775 2780
2775 2782
23 2783
23 2784
23 2785
23 2786
23 2787
4364 2788
4364 2789
4364 2790
4364 2791
4364 2792
4364 2793
4364 2794
4364 2795
4364 2796
4364 2797
4364 2798
4364 2799
4364 2800
4364 2801
4364 2802
4364 2803
4364 2804
4364 2805
4364 2806
4364 2807
4364 2808
4364 2809
4364 2810
23 2811
23 2812
4365 2812
2811 2813
2811 2814
2811 2815
2811 2816
2811 2817
2811 2818
2811 2819
2811 2820
2811 2821
2811 2822
2811 2823
2811 2826
2811 2827
2811 2831
491 2833
491 2834
491 2835
237 2840
237 2841
2811 2842
2811 2843
23 2847
4172 2847
23 2849
23 2850
2847 2851
2847 2852
23 2853
23 2854
2847 2855
2847 2856
2847 2857
2847 2858
2847 2859
23 2860
3539 2860
23 2861
23 2862
23 2863
2863 2864
2863 2865
2863 2866
2863 2867
2863 2868
2863 2869
2863 2870
23 2871
23 2872
2872 2873
2872 2874
2872 2875
2872 2876
2872 2877
2872 2878
23 2879
23 2880
23 2881
23 2882
23 2883
23 2884
23 2885
23 2886
23 2887
23 2888
23 2889
23 2890
23 2891
23 2892
23 2893
23 2894
23 2895
23 2896
23 2897
23 2898
23 2899
23 2900
23 2901
23 2902
23 2903
23 2904
23 2905
23 2906
23 2907
23 2908
23 2909
23 2910
23 2911
23 2912
23 2913
23 2914
23 2915
23 2917
23 2918
23 2919
23 2920
23 2921
23 2922
23 2923
23 2925
23 2926
23 2927
23 2928
23 2929
23 2930
23 2931
23 2932
23 2933
2933 2934
2933 2935
23 2936
2936 2937
2936 2938
23 2939
23 2940
23 2941
23 2942
23 2944
23 2945
23 2946
23 2947
23 2948
23 2949
23 2950
23 2951
23 2952
23 2953
23 2954
23 2955
23 2956
23 2957
23 2958
23 2959
23 2960
23 2961
23 2962
23 2963
23 2964
23 2965
23 2966
23 2967
23 2968
23 2969
23 2970
23 2971
23 2972
23 2973
23 2974
23 2975
23 2976
23 2977
23 2978
23 2979
23 2980
23 2981
23 2982
23 2983
23 2984
23 2985
23 2986
23 2987
23 2988
23 2989
23 2990
23 2991
23 2992
23 2993
23 2994
23 2997
23 2998
23 3000
23 3001
23 3002
23 3003
23 3004
23 3005
23 3006
23 3007
23 3008
23 3009
23 3010
23 3011
23 3012
23 3013
23 3014
23 3015
23 3016
23 3017
23 3018
23 3019
23 3020
23 3021
23 3022
23 3023
23 3024
23 3025
23 3026
23 3027
23 3028
23 3029
23 3030
24 3031
24 3032
24 3033
24 3034
24 3035
24 3036
24 3037
24 3038
24 3039
35 3039
24 3040
24 3041
24 3042
24 3043
24 3044
24 3045
24 3046
24 3047
24 3048
24 3049
24 3050
24 3051
24 3052
24 3053
24 3054
24 3055
24 3056
3056 3057
24 3058
3058 3059
24 3060
24 3061
24 3062
24 3063
24 3064
24 3065
24 3066
24 3067
24 3068
24 3069
24 3070
24 3072
24 3073
24 3074
24 3075
25 3121
25 3122
4172 3136
4172 3137
4172 3138
4172 3139
4172 3140
4172 3141
4172 3142
4172 3143
4172 3145
4172 3146
4172 3147
4172 3148
4172 3149
4172 3150
4172 3151
4172 3153
4172 3154
3154 3155
3154 3156
3154 3157
3154 3158
3154 3159
3154 3160
3154 3161
3154 3162
3154 3163
3154 3164
3154 3165
3154 3166
3154 3167
3154 3168
3154 3169
3154 3170
4172 3171
4172 3172
3154 3181
30 3220
1243 3220
4172 3229
4172 3230
4172 3231
28 3299
28 3300
28 3301
28 3302
28 3303
28 3304
28 3305
3136 3305
3303 3305
8443 3305
28 3306
28 3307
3305 3309
28 3310
28 3311
28 3312
28 3313
28 3314
28 3315
28 3316
28 3317
28 3318
28 3319
28 3320
28 3321
28 3322
28 3323
28 3324
28 3325
28 3326
28 3327
28 3328
28 3329
28 3330
28 3331
28 3332
28 3333
28 3334
28 3335
28 3336
28 3337
28 3338
28 3339
28 3340
28 3341
28 3342
28 3343
28 3344
28 3345
28 3346
28 3347
28 3348
28 3349
28 3350
28 3351
28 3352
30 3352
28 3355
28 3356
28 3357
28 3358
28 3359
28 3360
28 3361
28 3364
30 3365
28 3367
28 3368
28 3370
28 3371
28 3372
28 3373
28 3374
28 3375
28 3376
28 3377
31 3379
31 3380
31 3381
31 3382
31 3383
31 3384
31 3385
31 3386
35 3386
31 3387
31 3388
30 3389
30 3391
30 3392
30 3393
30 3394
30 3395
30 3396
30 3397
30 3398
1879 3398
30 3399
30 3400
30 3402
30 3403
30 3404
30 3405
30 3406
30 3407
31 3417
31 3418
31 3419
31 3420
31 3421
31 3422
31 3423
31 3424
31 3425
31 3426
31 3427
31 3428
31 3429
31 3430
31 3431
31 3432
31 3433
31 3434
31 3435
31 3436
31 3438
31 3439
30 3440
31 3440
31 3441
31 3444
31 3445
31 3446
31 3447
31 3448
31 3449
31 3450
31 3451
31 3452
31 3453
3453 3454
3453 3455
31 3457
31 3458
31 3459
31 3460
31 3461
31 3462
31 3463
31 3464
31 3465
31 3466
31 3467
1805 3468
1805 3469
31 3470
31 3476
31 3477
3477 3479
5157 3479
5469 3479
6608 3479
166 3481
3477 3482
3477 3483
3477 3484
3477 3486
6629 3486
25 3487
3477 3487
5308 3487
8244 3487
8249 3487
3477 3488
7549 3488
3477 3490
3908 3500
3907 3501
32 3503
32 3504
3897 3504
32 3505
32 3506
3507 3506
3909 3506
32 3507
3909 3507
4817 3507
32 3508
3907 3508
3909 3509
33 3510
3510 3511
3510 3512
3510 3513
3510 3514
3510 3515
3510 3516
3510 3517
3510 3518
3510 3519
3510 3520
3510 3521
3510 3522
3510 3523
3510 3524
3510 3526
3510 3527
3510 3528
33 3529
33 3530
3530 3531
3530 3532
33 3533
3530 3533
3530 3534
3530 3535
3530 3537
3530 3538
33 3539
3539 3540
3539 3541
3539 3542
3539 3543
3539 3544
3539 3545
3539 3546
3539 3547
3539 3548
3539 3549
33 3550
3550 3551
3550 3552
3550 3553
33 3554
3554 3555
3554 3556
3554 3557
3554 3558
3554 3559
3554 3560
33 3561
4728 3561
33 3562
33 3563
33 3564
33 3565
33 3566
33 3567
33 3569
33 3571
33 3572
33 3573
33 3574
33 3575
33 3576
33 3577
33 3578
33 3579
33 3580
33 3581
33 3582
3582 3583
3582 3584
3582 3585
3582 3586
3582 3587
3582 3588
3582 3589
33 3590
33 3591
33 3593
33 3594
33 3595
33 3596
33 3597
33 3598
33 3599
33 3601
33 3602
33 3603
33 3604
33 3605
33 3606
33 3607
33 3608
33 3609
33 3610
33 3611
33 3613
33 3614
33 3615
33 3616
33 3618
33 3619
33 3620
33 3621
33 3622
33 3623
33 3624
33 3625
33 3626
33 3627
33 3628
33 3629
33 3630
33 3631
33 3632
33 3633
33 3634
33 3635
170 3635
33 3636
33 3637
33 3638
4733 3638
5377 3638
33 3640
33 3641
4368 3641
4922 3641
33 3642
3642 3643
3642 3644
3642 3645
5186 3645
3642 3646
3642 3647
3642 3648
3642 3649
3642 3650
3642 3651
3642 3652
3642 3653
3642 3654
3642 3655
3642 3656
3642 3657
3642 3658
3642 3659
3642 3660
3642 3661
3642 3662
3642 3663
3642 3664
3642 3665
3642 3666
3642 3667
3642 3668
3642 3669
3642 3670
3642 3671
3642 3672
3642 3673
3642 3674
3642 3675
3642 3676
3642 3677
3642 3678
5186 3678
3642 3679
3642 3680
3642 3681
3642 3682
3642 3683
3642 3684
3642 3685
3642 3686
3642 3687
3642 3688
3642 3689
3642 3690
3642 3691
3642 3692
3642 3693
3642 3694
3642 3695
3642 3696
3642 3697
3642 3698
3642 3699
3642 3700
3642 3701
3642 3702
3642 3703
3642 3704
3642 3705
3642 3706
3642 3707
3642 3708
3642 3709
3642 3710
3642 3711
3642 3712
3642 3713
3642 3714
3642 3715
3642 3716
3642 3717
3642 3718
3642 3719
3642 3720
3642 3721
3642 3722
3642 3723
3642 3724
3642 3725
3642 3726
3642 3727
3642 3728
3642 3729
3642 3730
3642 3731
3642 3732
3642 3733
3642 3734
3642 3735
3642 3736
3642 3737
3642 3738
3642 3739
3642 3740
3642 3741
3642 3742
3642 3743
3642 3744
3642 3745
3642 3746
3642 3747
3642 3748
3642 3749
3642 3750
3642 3751
3642 3752
3642 3753
3642 3754
3642 3755
3642 3756
3642 3757
3642 3758
3642 3759
3642 3760
3642 3761
3642 3762
3642 3763
3642 3764
3642 3765
3642 3766
3642 3767
3642 3768
3642 3769
3642 3770
3642 3771
3642 3772
3642 3773
3642 3774
3642 3775
3642 3776
3642 3777
3642 3778
3642 3779
3642 3780
3642 3781
3642 3782
3642 3783
3642 3784
3642 3785
3642 3786
3642 3787
3642 3788
3642 3789
33 3790
4735 3790
33 3791
5186 3791
33 3792
33 3793
33 3794
33 3795
6 3796
34 3796
34 3797
34 3798
35 3800
35 3801
35 3802
35 3803
35 3807
35 3808
35 3809
35 3810
35 3811
35 3812
35 3813
35 3814
35 3815
35 3816
35 3817
35 3818
35 3819
35 3820
35 3821
35 3823
35 3824
35 3825
35 3826
35 3828
35 3829
35 3830
35 3831
35 3832
36 3833
36 3834
36 3835
36 3836
36 3837
36 3838
36 3839
36 3840
36 3841
36 3842
36 3843
36 3844
36 3845
36 3846
170 3848
3860 3849
1 3850
3850 3851
3850 3852
3850 3853
3850 3854
3850 3855
3850 3856
3850 3857
3850 3858
3850 3859
1 3860
3860 3862
3860 3863
64 3864
1 3865
1 3867
1 3868
1 3869
88 3870
1 3871
3872 3875
3872 3876
3872 3877
3872 3878
4 3879
4 3880
5129 3880
4 3881
3904 3881
7461 3881
4 3882
4 3884
4 3885
4 3886
4 3887
4 3888
4 3889
5318 3889
4 3890
4 3891
4 3892
171 3893
171 3894
33 3895
170 3896
170 3897
171 3898
171 3899
171 3900
171 3901
171 3902
170 3903
170 3904
170 3905
170 3906
5236 3906
5604 3906
8303 3906
32 3907
32 3908
32 3909
3907 3910
3910 3911
3910 3912
3910 3913
3508 3914
3508 3915
3508 3916
3908 3917
3917 3918
3917 3919
32 3920
3909 3920
3909 3921
32 3922
32 3923
32 3924
32 3925
32 3926
32 3927
32 3928
32 3929
32 3930
32 3931
32 3932
32 3933
32 3934
3942 3935
3942 3936
3942 3937
3942 3938
3942 3939
3942 3940
177 3941
177 3942
3942 3943
170 3951
30 3952
3952 3953
3952 3954
3952 3955
3952 3956
30 3957
30 3958
30 3959
30 3960
30 3961
30 3962
30 3963
30 3964
30 3965
30 3966
30 3967
30 3968
30 3969
30 3970
30 3971
30 3972
30 3973
30 3974
30 3976
30 3977
30 3978
3993 3980
3994 3981
3996 3983
3997 3984
3998 3985
4000 3987
4001 3988
4002 3989
4003 3990
4004 3991
30 3993
33 3993
30 3994
30 3996
30 3997
30 3998
30 3999
30 4000
30 4001
30 4002
30 4003
30 4004
4942 4004
30 4005
30 4006
30 4007
30 4008
30 4009
30 4010
30 4011
30 4012
30 4013
30 4014
30 4015
30 4016
30 4017
30 4018
4920 4018
30 4019
30 4020
30 4021
30 4022
30 4023
30 4024
4024 4025
4024 4026
4024 4027
4024 4028
4024 4029
4024 4030
4024 4031
4024 4032
4024 4033
4024 4034
4034 4035
4034 4036
4034 4037
4024 4038
4024 4039
4039 4040
4039 4041
30 4042
4042 4043
4042 4044
4042 4045
30 4046
4046 4047
30 4048
30 4049
30 4050
30 4051
30 4052
30 4053
30 4054
4054 4055
4054 4056
4054 4057
30 4058
30 4059
30 4060
30 4061
4061 4062
4061 4063
4061 4064
4061 4065
30 4066
30 4067
30 4068
30 4069
30 4070
30 4071
30 4078
30 4079
30 4080
30 4081
30 4082
30 4083
4083 4084
4083 4085
4083 4086
4083 4087
4083 4088
4083 4089
4083 4090
4083 4091
4083 4092
4083 4093
4083 4094
7513 4094
4083 4095
4083 4096
4083 4097
4083 4098
4083 4099
4083 4101
4083 4102
4083 4104
4083 4105
4083 4106
4083 4107
4083 4108
4083 4109
4083 4110
4083 4111
4083 4112
4083 4113
4083 4114
4083 4115
4083 4116
4926 4116
4083 4117
4083 4118
4083 4119
4083 4120
4083 4121
4083 4122
4083 4123
4083 4124
4083 4125
4083 4126
4083 4127
4083 4128
4083 4129
5120 4129
4083 4130
4083 4131
4083 4132
4083 4133
4083 4134
4083 4135
30 4136
30 4138
30 4139
30 4140
30 4141
4141 4142
4141 4143
4141 4144
4141 4145
4141 4146
4141 4147
4141 4148
4141 4149
4141 4150
4920 4150
4141 4151
4141 4152
4141 4153
4141 4154
4141 4155
4141 4156
4141 4157
4141 4158
4141 4159
4141 4160
4141 4161
4141 4162
4141 4163
4141 4164
5 4171
4 4174
9 4174
1492 4177
1492 4178
3897 4192
3897 4193
3897 4194
3897 4196
3897 4199
3897 4205
3897 4206
3897 4207
3897 4208
3897 4209
8279 4209
3897 4210
8279 4210
3897 4211
3897 4212
3897 4213
3897 4214
3897 4215
3897 4216
8279 4216
3897 4217
3897 4218
3897 4219
3897 4220
8279 4220
3897 4221
3897 4222
3897 4223
3897 4224
3897 4225
3897 4226
3897 4227
3897 4228
3897 4229
3897 4230
3897 4231
3897 4232
3897 4233
3897 4234
3897 4235
1611 4241
5829 4243
7381 4243
15 4245
17 4250
3477 4250
4251 4252
4251 4253
4251 4254
4251 4255
4251 4256
4251 4257
4251 4258
4251 4259
4251 4260
4251 4261
4251 4262
4251 4263
5404 4263
4263 4264
4263 4265
4251 4266
4251 4267
4251 4268
4251 4269
4251 4270
4251 4271
4251 4272
4251 4273
4251 4274
4251 4275
4251 4276
4251 4277
4251 4278
4251 4279
4251 4280
4251 4281
4251 4282
4251 4283
4251 4284
4251 4285
4251 4286
4251 4287
4251 4288
4251 4289
4251 4290
4251 4291
4251 4292
9 4293
4251 4293
4251 4294
4294 4295
4294 4296
4294 4297
4299 4300
4299 4301
4299 4302
4299 4303
4299 4304
4299 4305
4299 4306
4299 4307
4299 4308
4299 4309
4299 4310
4299 4311
4299 4313
4299 4314
4299 4315
4299 4316
4299 4317
4299 4318
4299 4319
4299 4320
4299 4321
4299 4322
4299 4323
4299 4324
4299 4325
4299 4326
4299 4327
4299 4328
4299 4329
4299 4330
4299 4331
4299 4332
4299 4333
4299 4334
4299 4335
4299 4336
4299 4337
4299 4338
4299 4339
4299 4340
4299 4341
4299 4342
4299 4343
4299 4344
4299 4345
4299 4346
4299 4347
4299 4348
4299 4349
4299 4350
4299 4351
4299 4352
4299 4353
4299 4355
4299 4356
4299 4357
4299 4358
4299 4359
4299 4360
4299 4361
4299 4362
23 4364
4999 4364
4368 4369
4367 4370
4370 4371
4370 4372
4370 4373
4370 4374
4370 4375
4370 4376
4370 4377
4370 4378
4370 4379
4370 4380
4370 4381
4370 4382
4370 4383
4370 4384
4370 4385
4370 4386
4370 4387
4370 4388
4370 4389
4370 4390
4370 4391
4370 4392
4370 4393
4370 4394
4370 4395
4370 4396
4370 4397
4370 4398
4370 4399
4370 4400
4370 4401
4370 4402
4370 4403
4370 4404
4370 4405
4370 4406
4370 4407
4370 4408
4370 4409
4370 4410
4370 4411
4370 4412
4370 4413
4370 4415
4370 4416
4370 4417
4370 4418
4370 4419
4370 4420
4370 4422
4370 4423
4370 4424
4370 4425
4370 4426
4370 4427
4370 4428
4370 4429
4370 4430
4370 4431
4370 4432
4370 4433
4370 4434
4370 4435
4370 4436
4370 4437
4370 4438
4370 4439
4370 4440
4370 4441
4370 4442
4370 4443
4370 4444
4370 4445
4370 4446
4370 4447
4370 4448
4448 4449
4448 4450
4448 4451
4448 4452
4448 4453
4448 4454
4448 4455
4367 4456
4367 4457
4367 4458
4367 4459
4367 4460
4367 4461
4367 4462
4367 4463
4367 4464
4367 4465
4367 4466
4367 4467
4367 4469
4367 4470
4367 4471
4367 4472
4367 4473
4367 4474
4367 4475
4367 4476
4367 4477
4367 4478
4367 4479
4367 4480
4480 4481
4480 4482
4480 4483
4480 4484
4480 4485
4480 4486
4480 4487
4480 4488
4480 4489
4480 4490
4480 4491
4480 4492
4480 4493
4480 4494
4480 4495
4480 4496
4480 4497
4480 4498
4480 4499
4480 4500
4480 4501
4480 4502
4480 4503
4480 4504
4480 4505
4480 4506
4480 4507
4480 4508
4480 4509
4480 4510
4480 4511
4480 4512
4480 4513
4480 4514
4480 4515
4480 4516
4480 4517
4480 4518
4480 4519
4367 4520
4520 4521
4520 4522
3487 4523
4367 4523
4523 4524
4523 4525
4523 4526
4523 4527
4523 4528
4523 4529
4523 4530
4367 4531
4531 4532
4531 4533
4367 4534
4534 4535
4534 4536
4367 4537
326 4538
326 4539
326 4540
326 4541
326 4542
326 4543
326 4544
326 4545
326 4546
4546 4547
4546 4548
4546 4549
4546 4550
4546 4551
4546 4552
4546 4553
4546 4554
4546 4555
4546 4556
326 4557
326 4558
326 4559
326 4560
326 4561
326 4562
326 4563
326 4564
326 4565
326 4566
326 4567
326 4568
326 4569
326 4570
326 4571
326 4572
326 4573
326 4574
326 4575
326 4576
326 4577
326 4578
326 4579
326 4580
326 4581
326 4582
326 4583
326 4584
326 4585
326 4586
326 4587
326 4588
326 4589
326 4590
326 4591
326 4592
326 4593
326 4594
326 4595
326 4596
326 4597
326 4598
326 4599
326 4600
326 4601
326 4602
326 4603
326 4604
326 4605
326 4606
326 4607
326 4608
326 4609
326 4610
326 4611
326 4612
326 4613
326 4614
326 4615
326 4616
326 4617
326 4618
326 4619
326 4620
326 4621
326 4622
326 4623
326 4624
326 4625
326 4626
326 4627
326 4628
326 4629
326 4630
326 4631
326 4632
326 4633
326 4634
326 4635
326 4636
326 4637
326 4638
326 4639
326 4640
326 4641
326 4642
326 4643
326 4644
326 4645
326 4646
326 4647
326 4648
326 4649
326 4650
326 4651
326 4652
326 4653
6571 4653
326 4654
326 4655
326 4656
326 4657
326 4658
315 4659
326 4659
6401 4659
326 4660
326 4661
326 4662
326 4663
326 4664
326 4665
326 4666
326 4667
25 4669
25 4670
25 4671
25 4672
25 4673
25 4674
25 4675
25 4676
25 4677
4677 4678
4677 4679
25 4681
25 4682
25 4683
25 4685
25 4686
25 4687
25 4688
25 4691
25 4692
25 4693
25 4694
25 4695
25 4696
25 4697
25 4698
25 4699
25 4700
25 4701
25 4702
25 4703
25 4704
25 4705
4705 4706
4705 4707
4705 4708
4705 4709
4705 4710
4705 4711
25 4712
25 4715
25 4716
25 4717
25 4718
28 4722
28 4724
33 4725
4172 4736
4172 4738
4738 4739
4738 4740
4738 4741
4738 4742
4738 4743
4799 4743
4738 4744
4738 4745
4738 4746
4738 4747
4738 4748
5594 4748
4738 4749
4738 4750
4738 4751
4738 4752
4738 4753
4738 4754
4738 4755
4172 4756
4756 4757
4757 4758
4757 4759
4756 4760
4760 4761
4760 4762
4760 4763
4760 4764
4756 4765
4765 4766
4787 4766
4765 4767
4765 4768
4765 4769
4765 4770
4765 4771
4765 4772
4787 4772
4765 4773
4765 4774
4787 4774
4765 4775
4765 4776
4756 4777
4777 4778
4777 4779
4777 4780
4777 4781
4777 4782
4777 4783
4777 4784
4777 4785
4172 4786
4786 4787
4787 4788
4787 4789
4787 4793
4787 4794
4787 4795
4787 4796
4786 4797
4797 4798
4786 4799
4799 4800
4799 4801
4799 4803
4172 4804
4172 4805
4172 4806
3847 4807
4172 4807
4172 4808
4172 4809
4172 4810
3154 4811
4172 4813
4172 4814
4172 4816
34 4817
34 4818
34 4819
34 4820
34 4821
34 4822
34 4823
5148 4823
5345 4823
34 4824
4831 4824
34 4825
34 4826
34 4827
34 4828
34 4829
326 4829
34 4830
34 4831
4845 4831
5191 4831
8307 4831
8313 4831
34 4832
34 4833
34 4834
34 4835
34 4836
34 4837
34 4838
7533 4838
34 4839
34 4840
34 4841
3 4842
34 4842
34 4843
34 4844
34 4845
34 4846
4823 4847
33 4916
4173 4917
33 4922
3507 4922
3506 4923
5397 4926
5091 4927
5091 4930
4 4934
3887 4934
4 4935
3887 4935
8 4937
3881 4937
4 4938
23 4940
170 4940
170 4942
163 4943
4 4945
163 4945
170 4945
6 4950
8 4951
4954 4955
4960 4961
289 4967
8484 4967
5777 4972
4972 4973
4972 4974
4972 4975
4977 4977
4173 4987
4977 4993
4977 4997
5001 5003
5705 5003
3889 5013
4 5015
170 5015
5409 5023
5194 5028
5430 5028
4817 5040
5087 5040
5428 5042
5028 5045
5028 5046
6879 5046
5047 5050
5066 5064
5397 5064
5066 5065
5629 5065
170 5066
5064 5066
5023 5068
5225 5068
5327 5068
5569 5068
4960 5070
5428 5070
6088 5070
7243 5070
7240 5071
16 5076
7637 5086
170 5087
4950 5087
5086 5087
5469 5088
7004 5088
3889 5093
5013 5093
3889 5096
8437 5096
5114 5097
5496 5106
3 5110
4922 5110
5114 5113
5256 5113
5256 5114
6213 5114
3 5118
5120 5121
5120 5122
4831 5128
5191 5128
5087 5129
5129 5130
5146 5144
5146 5147
5093 5163
5146 5163
33 5186
5470 5186
3904 5189
5327 5189
4831 5191
8335 5191
5191 5192
5191 5193
5194 5195
5114 5197
5386 5198
5198 5199
5207 5206
5308 5206
170 5208
5297 5210
5338 5210
5479 5210
5210 5212
163 5213
170 5213
170 5218
5023 5225
3506 5237
32 5240
3506 5241
4 5242
30 5242
8220 5242
8381 5242
4942 5243
5640 5243
4817 5249
4941 5249
5822 5249
7082 5251
5186 5253
5186 5254
4993 5256
4733 5262
5256 5267
5191 5276
5275 5276
5297 5276
4817 5284
4946 5284
5549 5285
30 5292
5296 5297
5307 5297
5068 5299
8 5304
4174 5304
5306 5307
5353 5310
6 5313
4972 5316
4972 5318
5667 5318
3904 5327
5326 5327
7582 5327
4173 5340
4987 5346
8 5348
170 5357
5256 5358
5087 5359
5359 5360
321 5361
6000 5361
5068 5362
5114 5368
5040 5371
5146 5371
5028 5372
5256 5375
5001 5378
5705 5378
5990 5378
5386 5385
5308 5393
4817 5406
5407 5406
167 5414
5893 5414
337 5418
5087 5418
5040 5428
4954 5431
5047 5431
5308 5447
5070 5455
4173 5461
7248 5461
5086 5464
6599 5469
5091 5475
5157 5475
5479 5480
4823 5484
5485 5484
7637 5484
5001 5485
5705 5485
5430 5487
4817 5494
5279 5496
5308 5496
471 5497
4817 5499
5503 5504
5455 5509
5129 5515
2812 5529
5087 5529
5213 5529
6611 5529
5144 5544
5148 5549
1854 5561
8325 5561
33 5568
5756 5568
5308 5585
5308 5586
5114 5588
5590 5589
5589 5590
170 5604
1879 5634
5632 5634
5633 5634
5829 5634
3506 5638
3507 5638
4942 5640
5236 5642
5249 5646
170 5650
5208 5650
4735 5661
5087 5665
5664 5665
3847 5666
4172 5666
4817 5668
7729 5668
5256 5672
5269 5682
4817 5683
5269 5683
5269 5684
5269 5685
5269 5686
5269 5687
5269 5688
5826 5688
5269 5689
5386 5689
5269 5690
5269 5691
4823 5692
5692 5693
5705 5706
1315 5707
5799 5707
5503 5708
5070 5710
4817 5722
3847 5731
5733 5734
5146 5747
8 5750
5529 5764
3847 5771
5733 5776
4972 5777
5070 5777
5951 5777
5953 5777
8135 5777
4817 5787
3920 5789
5790 5791
4669 5792
310 5808
5790 5812
5308 5813
5590 5813
5813 5814
4954 5819
5279 5819
5308 5819
4954 5821
5822 5823
5824 5825
1879 5827
4823 5827
1267 5828
5297 5831
5086 5832
6136 5832
7545 5832
5832 5833
5822 5840
5822 5841
5353 5842
5842 5843
5316 5850
3479 5852
3024 5854
5316 5857
5874 5875
4842 5877
5876 5877
6876 5877
4116 5879
8158 5879
5893 5894
5913 5914
3020 5916
335 5921
5893 5936
5937 5936
4972 5938
5646 5941
5941 5942
5951 5952
4933 5953
5951 5954
7605 5954
5951 5955
4817 5956
5951 5956
6680 5956
5951 5958
4819 5967
4819 5968
23 5971
5308 5971
5972 5971
3024 5973
4658 5983
5070 5988
5378 5989
5990 5989
5689 5993
5689 5994
5386 5997
5997 5998
3 5999
6000 5999
3 6003
3 6005
3 6006
5997 6007
6008 6009
6008 6010
5997 6013
5997 6014
6008 6015
5711 6016
5711 6017
5997 6020
5487 6030
5144 6032
6143 6032
5362 6035
4999 6058
3 6069
5812 6069
5952 6072
6617 6072
6882 6072
5646 6084
5646 6085
5001 6104
6104 6105
5308 6113
5404 6116
5404 6118
5279 6132
6136 6137
4817 6138
5353 6151
4817 6154
6154 6155
5353 6177
6176 6177
5469 6178
5688 6182
4667 6190
3994 6197
7498 6197
5353 6200
5893 6200
5893 6205
6213 6214
6213 6215
5028 6216
5842 6219
6213 6222
6213 6223
5110 6232
6213 6233
6213 6234
6213 6239
6051 6240
6213 6252
5503 6256
4926 6265
5091 6265
8020 6265
5 6269
28 6269
30 6269
5 6271
5 6272
5213 6273
443 6308
3154 6308
8115 6308
5306 6323
5822 6324
6324 6325
6324 6326
6324 6328
4368 6331
4 6336
4941 6336
5092 6341
5191 6342
5308 6350
5310 6351
4960 6352
5070 6373
5955 6389
6401 6402
3 6415
5213 6416
4647 6422
5431 6423
5213 6428
5688 6455
5297 6456
6464 6465
6475 6476
6972 6476
5385 6479
5118 6498
5118 6500
166 6501
1314 6501
5304 6501
9 6502
4810 6502
3847 6507
6972 6518
6518 6519
5242 6535
5430 6544
4826 6551
4826 6552
4653 6574
4653 6575
4922 6584
4922 6586
4922 6587
6598 6599
4993 6602
5070 6605
6617 6618
5629 6625
5297 6633
5297 6634
5297 6635
5297 6636
5297 6637
5297 6638
5297 6639
5297 6640
5297 6641
5297 6642
4116 6643
5256 6643
5297 6643
8164 6643
5297 6644
5297 6645
5297 6646
5297 6647
5297 6648
5297 6649
5297 6650
5297 6651
5297 6652
4824 6659
4823 6663
4823 6664
4823 6665
4823 6666
4823 6667
4823 6668
4823 6669
4823 6670
4823 6671
4823 6675
4823 6676
4823 6677
6678 6677
4823 6679
23 6693
3045 6693
4845 6693
6693 6694
7012 6709
7473 6709
8 6715
5338 6719
6718 6719
5279 6723
5308 6744
7147 6744
3897 6750
4116 6754
5091 6754
5001 6761
5001 6765
6475 6766
4817 6770
6475 6770
3303 6780
5829 6790
6197 6791
3910 6794
5249 6802
6801 6802
177 6806
5590 6820
5590 6821
5590 6822
7605 6822
5308 6836
5308 6839
5308 6840
5308 6841
5308 6843
5308 6844
5308 6845
5308 6846
5822 6854
5733 6855
3303 6858
154 6869
4817 6871
6870 6871
6871 6872
5877 6875
6879 6880
6072 6883
6072 6884
7415 6884
5414 6892
5129 6893
14 6914
14 6916
4817 6920
5644 6948
5644 6949
5191 6950
5644 6950
5644 6951
5644 6952
5308 6953
6957 6953
6953 6955
6953 6956
7770 6972
432 6973
6972 6974
5144 6988
6806 6989
5327 6990
408 6999
5914 7012
6032 7012
5308 7025
6780 7028
6780 7029
5316 7038
5316 7039
5875 7043
13 7048
5829 7048
5832 7059
5357 7066
6008 7069
6008 7070
5070 7086
5842 7088
439 7091
321 7112
5722 7119
5705 7120
5913 7125
5668 7129
5353 7132
5733 7132
6465 7153
5589 7164
5589 7166
5070 7175
5308 7179
5308 7180
5106 7181
5829 7182
5338 7183
5666 7186
5594 7193
5594 7194
5469 7199
5469 7200
5469 7201
5469 7202
5469 7203
5822 7211
5198 7212
326 7217
326 7218
5070 7232
5070 7233
5070 7234
5070 7235
5070 7236
5070 7237
5070 7238
5070 7239
5824 7239
5070 7240
5455 7240
5070 7241
5070 7242
7248 7249
5397 7257
7256 7257
8264 7257
5842 7268
4933 7269
5210 7286
5210 7287
5829 7297
6475 7297
5997 7298
5955 7304
5682 7318
5733 7320
7248 7325
4817 7343
7342 7343
5386 7367
1879 7382
1879 7383
5829 7384
5561 7387
5360 7414
5070 7436
4150 7439
5070 7447
17 7451
31 7451
5428 7463
3154 7466
7466 7467
5029 7472
5386 7476
5386 7478
5386 7479
5386 7480
5386 7481
5386 7482
5386 7483
5028 7492
5777 7495
3487 7512
5386 7519
3488 7550
5893 7571
7571 7573
5327 7582
5327 7583
5327 7584
6633 7585
326 7594
321 7595
33 7596
6883 7598
352 7599
7605 7606
7605 7607
7605 7608
6213 7622
5470 7644
5091 7645
7439 7647
7212 7652
7212 7653
4172 7654
6197 7671
5308 7678
3847 7684
3847 7685
3847 7686
6003 7689
7048 7695
7048 7696
5750 7697
5487 7701
5487 7702
6870 7705
5842 7709
5842 7710
1873 7712
1873 7713
1873 7714
1873 7715
4817 7727
5644 7755
5842 7757
1888 7760
1888 7761
3906 7762
5428 7764
5428 7765
5990 7769
7770 7771
5001 7790
5705 7790
5705 7791
6154 7793
6693 7805
6693 7806
3507 7813
3507 7815
7814 7815
3506 7816
3507 7816
7814 7819
30 7820
7147 7826
5338 7827
5070 7828
3903 7837
4172 7851
5642 7866
5642 7867
5249 7881
5249 7882
5249 7883
5664 7907
5338 7911
5668 7914
5668 7915
5668 7916
5668 7917
5308 7921
7498 7925
4817 7932
5256 7936
1980 7943
5455 7949
36 7952
36 7953
5091 8015
8015 8016
4993 8031
9 8048
8047 8048
8049 8048
6870 8053
5914 8071
5633 8096
5070 8156
5327 8169
6617 8175
2812 8203
8055 8203
5386 8212
4972 8221
4972 8222
4972 8223
4972 8225
4987 8226
4173 8227
5646 8231
6 8234
6 8235
6 8236
6 8237
6 8240
6 8241
6 8242
6 8243
8 8250
8 8251
8 8252
8 8254
4977 8258
5001 8261
5001 8262
170 8263
5433 8263
5397 8264
5397 8265
5397 8267
5397 8268
5120 8270
5129 8273
5129 8274
3897 8277
3897 8278
3897 8279
3897 8284
3897 8286
3897 8287
3897 8290
3897 8296
170 8304
337 8305
4831 8307
4831 8308
4831 8309
4831 8310
4831 8311
4831 8312
4831 8313
4831 8314
4831 8315
4845 8315
4831 8316
4831 8317
4831 8318
4845 8318
4831 8319
1854 8325
8325 8326
1854 8327
3904 8330
5186 8331
5186 8332
5191 8333
5191 8334
5191 8335
5191 8337
5592 8340
5469 8341
5198 8342
5206 8343
5206 8344
5206 8345
5208 8347
5208 8348
5208 8349
5208 8350
5208 8351
170 8352
170 8353
170 8355
5362 8363
8284 8364
7240 8366
5497 8367
5106 8368
5106 8369
5106 8370
5561 8371
5040 8383
5040 8384
5040 8385
5028 8386
5028 8387
5028 8388
5028 8389
8387 8390
5047 8393
5047 8394
3487 8397
3487 8398
5338 8399
1812 8400
485 8407
5091 8411
5091 8412
3602 8414
5479 8427
8353 8435
8353 8436
5013 8437
3506 8444
3506 8446
3506 8447
3506 8448
3506 8449
3506 8450
3506 8451
3507 8451
3506 8452
3506 8453
3506 8454
3506 8455
30 8456
5242 8458
5208 8459
8273 8460
4942 8464
5640 8464
4942 8467
4942 8468
4942 8469
4942 8470
4942 8471
4942 8472
4942 8473
4942 8474
4942 8475
4942 8476
4942 8477
4942 8478
4942 8479
4942 8480
4942 8482
4942 8483
5431 8485
5065 8486
4845 8487
8332 8492
8332 8493
1880 8495
5146 8496
5146 8497
