2 1
5 1
10 1
17 1
24 1
34 1
36 1
42 1
66 1
91 1
94 1
105 1
1 2
26 2
28 2
34 2
38 2
46 2
58 2
90 2
102 2
104 2
106 2
110 2
4 3
7 3
14 3
15 3
16 3
48 3
61 3
65 3
73 3
75 3
101 3
107 3
3 4
6 4
12 4
27 4
41 4
53 4
59 4
73 4
75 4
82 4
85 4
103 4
1 5
6 5
10 5
17 5
24 5
29 5
42 5
70 5
94 5
105 5
109 5
4 6
5 6
11 6
12 6
53 6
75 6
82 6
85 6
91 6
98 6
99 6
108 6
3 7
8 7
33 7
40 7
48 7
56 7
59 7
61 7
65 7
86 7
101 7
107 7
7 8
9 8
22 8
23 8
41 8
69 8
74 8
78 8
79 8
83 8
109 8
112 8
8 9
10 9
22 9
23 9
42 9
52 9
69 9
78 9
79 9
91 9
112 9
1 10
5 10
9 10
17 10
23 10
24 10
42 10
65 10
94 10
105 10
109 10
6 11
12 11
61 11
73 11
75 11
82 11
85 11
99 11
103 11
108 11
4 12
6 12
11 12
25 12
29 12
51 12
70 12
91 12
98 12
105 12
14 13
15 13
18 13
19 13
27 13
35 13
37 13
39 13
44 13
86 13
3 14
13 14
16 14
33 14
40 14
46 14
61 14
65 14
101 14
107 14
111 14
3 15
13 15
16 15
27 15
39 15
44 15
55 15
72 15
86 15
100 15
3 16
14 16
15 16
33 16
40 16
48 16
61 16
69 16
93 16
101 16
107 16
115 16
1 17
5 17
10 17
18 17
24 17
39 17
42 17
68 17
82 17
94 17
105 17
13 18
17 18
21 18
28 18
59 18
63 18
66 18
88 18
96 18
97 18
114 18
13 19
20 19
32 19
35 19
37 19
39 19
43 19
55 19
62 19
72 19
100 19
19 20
30 20
31 20
34 20
36 20
37 20
45 20
56 20
80 20
95 20
102 20
18 21
22 21
37 21
63 21
66 21
71 21
76 21
77 21
88 21
97 21
114 21
8 22
9 22
21 22
23 22
33 22
47 22
52 22
69 22
78 22
109 22
112 22
8 23
9 23
10 23
22 23
24 23
48 23
52 23
69 23
78 23
79 23
109 23
1 24
5 24
10 24
17 24
23 24
42 24
79 24
91 24
94 24
105 24
112 24
12 25
26 25
29 25
51 25
67 25
70 25
85 25
88 25
91 25
111 25
2 26
25 26
34 26
38 26
46 26
54 26
90 26
104 26
106 26
107 26
110 26
4 27
13 27
15 27
28 27
35 27
39 27
43 27
44 27
62 27
86 27
2 28
18 28
27 28
57 28
63 28
64 28
66 28
71 28
77 28
96 28
97 28
5 29
12 29
25 29
39 29
51 29
70 29
79 29
91 29
114 29
20 30
31 30
36 30
43 30
56 30
80 30
81 30
83 30
92 30
95 30
102 30
20 31
30 31
36 31
45 31
51 31
56 31
80 31
83 31
95 31
102 31
110 31
19 32
33 32
35 32
44 32
55 32
56 32
62 32
72 32
80 32
86 32
100 32
7 33
14 33
16 33
22 33
32 33
40 33
48 33
50 33
65 33
101 33
107 33
1 34
2 34
20 34
26 34
38 34
46 34
90 34
104 34
106 34
110 34
13 35
19 35
27 35
32 35
36 35
43 35
55 35
62 35
72 35
95 35
100 35
1 36
20 36
30 36
31 36
35 36
45 36
56 36
80 36
93 36
95 36
102 36
13 37
19 37
20 37
21 37
38 37
44 37
59 37
60 37
2 38
26 38
34 38
37 38
46 38
81 38
90 38
96 38
104 38
106 38
110 38
13 39
15 39
17 39
19 39
27 39
29 39
40 39
44 39
55 39
72 39
86 39
7 40
14 40
16 40
33 40
39 40
48 40
55 40
61 40
83 40
101 40
107 40
4 41
8 41
42 41
52 41
53 41
73 41
75 41
82 41
99 41
103 41
108 41
1 42
5 42
9 42
10 42
17 42
24 42
41 42
68 42
94 42
105 42
19 43
27 43
30 43
35 43
44 43
58 43
64 43
13 44
15 44
27 44
32 44
37 44
39 44
43 44
62 44
71 44
80 44
86 44
20 45
31 45
36 45
46 45
49 45
58 45
67 45
76 45
87 45
92 45
113 45
2 46
14 46
26 46
34 46
38 46
45 46
63 46
90 46
104 46
106 46
110 46
22 47
48 47
50 47
54 47
68 47
74 47
84 47
89 47
111 47
112 47
115 47
3 48
7 48
16 48
23 48
33 48
40 48
47 48
61 48
62 48
65 48
101 48
45 49
50 49
54 49
58 49
67 49
76 49
87 49
92 49
93 49
97 49
99 49
33 50
47 50
49 50
54 50
68 50
74 50
84 50
85 50
89 50
111 50
115 50
12 51
25 51
29 51
31 51
52 51
69 51
70 51
79 51
91 51
9 52
22 52
23 52
41 52
51 52
69 52
78 52
79 52
102 52
109 52
112 52
4 53
6 53
41 53
54 53
73 53
75 53
85 53
99 53
103 53
113 53
26 54
47 54
49 54
50 54
53 54
68 54
74 54
84 54
87 54
89 54
111 54
115 54
15 55
19 55
32 55
35 55
39 55
40 55
56 55
62 55
72 55
100 55
7 56
20 56
30 56
31 56
32 56
36 56
55 56
80 56
90 56
95 56
102 56
28 57
58 57
63 57
66 57
71 57
77 57
88 57
96 57
97 57
107 57
2 58
43 58
45 58
49 58
57 58
76 58
87 58
92 58
93 58
113 58
4 59
7 59
18 59
37 59
60 59
64 59
89 59
98 59
102 59
115 59
37 60
59 60
61 60
64 60
67 60
77 60
98 60
114 60
3 61
7 61
11 61
14 61
16 61
40 61
48 61
60 61
65 61
72 61
107 61
19 62
27 62
32 62
35 62
44 62
48 62
55 62
63 62
72 62
93 62
100 62
18 63
21 63
28 63
46 63
57 63
62 63
71 63
77 63
88 63
96 63
106 63
28 64
43 64
59 64
60 64
65 64
66 64
98 64
110 64
113 64
3 65
7 65
10 65
14 65
33 65
48 65
61 65
64 65
101 65
107 65
112 65
1 66
18 66
21 66
28 66
57 66
64 66
67 66
71 66
88 66
97 66
114 66
25 67
45 67
49 67
60 67
66 67
76 67
77 67
87 67
92 67
93 67
113 67
17 68
42 68
47 68
50 68
54 68
69 68
74 68
84 68
89 68
105 68
111 68
115 68
8 69
9 69
16 69
22 69
23 69
51 69
52 69
68 69
79 69
109 69
112 69
5 70
12 70
25 70
29 70
51 70
71 70
84 70
89 70
91 70
92 70
96 70
21 71
28 71
44 71
57 71
63 71
66 71
70 71
77 71
96 71
104 71
114 71
15 72
19 72
32 72
35 72
39 72
55 72
61 72
62 72
73 72
100 72
3 73
4 73
11 73
41 73
53 73
72 73
75 73
82 73
103 73
105 73
108 73
8 74
47 74
50 74
54 74
68 74
75 74
78 74
84 74
89 74
111 74
115 74
3 75
4 75
6 75
11 75
41 75
53 75
73 75
74 75
83 75
85 75
103 75
21 76
45 76
49 76
58 76
67 76
77 76
87 76
93 76
108 76
113 76
21 77
28 77
57 77
60 77
63 77
67 77
71 77
76 77
96 77
97 77
114 77
8 78
9 78
22 78
23 78
52 78
74 78
79 78
83 78
99 78
109 78
112 78
8 79
9 79
23 79
24 79
29 79
51 79
52 79
69 79
78 79
109 79
112 79
20 80
30 80
31 80
32 80
36 80
44 80
56 80
81 80
95 80
102 80
110 80
30 81
38 81
80 81
83 81
86 81
87 81
92 81
94 81
95 81
106 81
111 81
4 82
6 82
11 82
17 82
41 82
73 82
83 82
84 82
85 82
99 82
108 82
8 83
30 83
31 83
40 83
75 83
78 83
81 83
82 83
94 83
95 83
101 83
47 84
50 84
54 84
68 84
70 84
74 84
82 84
85 84
89 84
111 84
115 84
4 85
6 85
11 85
25 85
50 85
53 85
75 85
82 85
84 85
99 85
108 85
7 86
13 86
15 86
27 86
32 86
39 86
44 86
81 86
100 86
45 87
49 87
54 87
58 87
67 87
76 87
81 87
88 87
92 87
93 87
98 87
18 88
21 88
25 88
57 88
63 88
66 88
87 88
96 88
97 88
105 88
114 88
47 89
50 89
54 89
59 89
68 89
70 89
74 89
84 89
90 89
108 89
111 89
115 89
2 90
26 90
34 90
38 90
46 90
56 90
89 90
100 90
104 90
106 90
110 90
1 91
6 91
9 91
12 91
24 91
25 91
29 91
51 91
70 91
30 92
45 92
49 92
58 92
67 92
70 92
81 92
87 92
93 92
94 92
113 92
16 93
36 93
49 93
58 93
62 93
67 93
76 93
87 93
92 93
107 93
113 93
1 94
5 94
10 94
17 94
24 94
42 94
81 94
83 94
92 94
105 94
20 95
30 95
31 95
35 95
36 95
56 95
80 95
81 95
83 95
102 95
18 96
28 96
38 96
57 96
63 96
70 96
71 96
77 96
88 96
114 96
18 97
21 97
28 97
49 97
57 97
66 97
77 97
88 97
113 97
114 97
6 98
12 98
59 98
60 98
64 98
87 98
99 98
113 98
6 99
11 99
41 99
49 99
53 99
78 99
82 99
85 99
98 99
103 99
108 99
15 100
19 100
32 100
35 100
55 100
62 100
72 100
86 100
90 100
101 100
3 101
7 101
14 101
16 101
33 101
40 101
48 101
65 101
83 101
100 101
103 101
2 102
20 102
30 102
31 102
36 102
52 102
56 102
59 102
80 102
95 102
4 103
11 103
41 103
53 103
73 103
75 103
99 103
101 103
104 103
108 103
2 104
26 104
34 104
38 104
46 104
71 104
90 104
103 104
106 104
110 104
1 105
5 105
10 105
12 105
17 105
24 105
42 105
68 105
73 105
88 105
94 105
115 105
2 106
26 106
34 106
38 106
46 106
63 106
81 106
90 106
104 106
110 106
3 107
7 107
14 107
16 107
26 107
33 107
40 107
57 107
61 107
65 107
93 107
6 108
11 108
41 108
73 108
76 108
82 108
85 108
89 108
99 108
103 108
5 109
8 109
10 109
22 109
23 109
52 109
69 109
78 109
79 109
112 109
2 110
26 110
31 110
34 110
38 110
46 110
64 110
80 110
90 110
104 110
106 110
14 111
25 111
47 111
50 111
54 111
68 111
74 111
81 111
84 111
89 111
115 111
8 112
9 112
22 112
24 112
47 112
52 112
65 112
69 112
78 112
79 112
109 112
45 113
53 113
58 113
64 113
67 113
76 113
92 113
93 113
97 113
98 113
18 114
21 114
29 114
60 114
66 114
71 114
77 114
88 114
96 114
97 114
16 115
47 115
50 115
54 115
59 115
68 115
74 115
84 115
89 115
105 115
111 115
