2 1
3 1
4 1
5 1
6 1
7 1
8 1
9 1
10 1
11 1
12 1
13 1
14 1
15 1
16 1
17 1
18 1
19 1
20 1
21 1
22 1
23 1
24 1
25 1
26 1
27 1
1 2
28 2
29 2
30 2
1 3
31 3
32 3
33 3
34 3
35 3
36 3
37 3
38 3
39 3
40 3
41 3
1 4
22 4
42 4
43 4
44 4
45 4
46 5
1 7
47 7
48 7
49 7
50 7
51 7
52 7
53 7
54 7
55 7
56 7
57 7
58 7
59 7
1 8
12 8
23 8
60 8
61 8
62 8
63 8
64 8
65 8
66 8
1 9
67 9
68 9
69 9
70 9
71 9
72 9
73 9
74 9
75 9
76 9
77 9
78 9
79 9
80 9
81 9
82 9
83 9
84 9
85 9
86 9
87 9
88 9
89 9
90 9
91 9
92 9
1 10
93 10
94 10
95 10
96 10
97 10
98 10
99 10
100 10
101 10
102 10
103 10
104 10
105 10
106 10
107 10
108 10
109 10
1 11
110 11
111 11
112 11
113 11
114 11
1 12
115 12
116 12
117 12
118 12
119 12
120 12
121 13
1 14
122 14
1 15
52 15
85 15
123 15
124 15
125 15
126 15
127 15
128 15
129 15
130 15
131 15
132 15
133 15
134 15
135 15
136 15
137 15
138 15
139 15
140 15
141 15
142 15
143 15
144 15
145 15
146 15
147 15
148 15
149 15
150 15
151 15
152 15
153 15
154 15
155 15
156 15
157 15
158 15
159 15
160 15
161 15
162 15
163 15
164 15
165 15
166 15
167 15
168 15
1 16
169 16
170 16
171 16
172 16
173 16
174 16
175 16
176 16
177 16
178 16
179 16
180 16
1 17
85 17
181 17
182 17
183 17
184 17
1 18
42 18
185 18
186 18
187 18
188 18
189 18
190 18
191 18
192 18
193 18
194 18
195 18
196 18
197 18
198 18
199 18
200 18
201 18
202 18
203 18
204 18
205 18
206 18
207 18
208 18
209 18
210 18
211 18
212 18
213 18
214 18
215 18
216 18
217 18
218 18
219 18
220 18
221 18
222 18
223 18
224 18
225 18
226 18
227 18
228 18
1 19
229 19
230 19
231 19
232 19
233 19
234 19
235 19
236 19
237 19
238 19
239 19
240 19
241 19
242 19
243 19
244 19
245 19
246 19
247 19
248 19
1 20
26 20
27 20
42 20
249 20
250 20
251 20
252 20
253 20
254 20
255 20
256 20
257 20
258 20
259 20
1 21
26 21
27 21
249 21
258 21
259 21
260 21
1 22
26 22
27 22
42 22
249 22
250 22
251 22
252 22
253 22
254 22
255 22
256 22
258 22
259 22
1 23
26 23
27 23
249 23
258 23
259 23
260 23
261 24
262 24
263 24
264 24
265 24
266 24
267 24
268 24
269 24
270 24
271 24
272 24
273 24
274 24
275 24
276 24
277 24
278 24
279 24
280 24
281 24
1 25
26 25
27 25
249 25
258 25
259 25
260 25
1 26
249 26
260 26
42 27
282 27
44 28
283 28
1 29
42 29
43 29
44 29
1 30
284 32
285 32
286 32
287 32
288 32
289 32
290 32
291 32
292 32
293 33
294 33
295 34
296 34
297 34
298 35
299 35
106 36
300 36
301 36
302 37
303 39
304 39
305 39
306 39
307 39
303 40
304 40
307 40
308 40
1 41
31 41
32 41
33 41
34 41
35 41
36 41
37 41
38 41
39 41
40 41
309 41
1 44
4 44
260 44
310 44
311 44
312 44
313 44
314 44
1 45
26 45
27 45
249 45
258 45
259 45
260 45
315 46
316 46
317 46
318 46
319 46
320 46
321 46
322 46
323 46
324 46
325 46
326 46
327 46
328 46
329 46
330 46
331 46
332 46
333 46
334 46
335 46
1 47
1 51
260 51
336 51
337 51
338 51
339 51
340 51
341 51
342 51
343 51
130 52
344 52
2 53
3 53
4 53
5 53
6 53
7 53
8 53
62 53
77 53
170 53
173 53
177 53
191 53
210 53
288 53
289 53
292 53
312 53
345 53
346 53
347 53
348 53
349 53
350 53
351 53
352 53
353 53
354 53
355 53
356 53
357 53
358 53
359 53
360 53
361 53
362 53
363 53
364 53
365 53
366 53
367 53
368 53
369 53
370 53
371 53
372 53
373 53
374 53
375 53
376 53
377 53
378 53
379 53
380 53
381 53
382 53
383 53
384 53
385 53
386 53
387 53
388 53
389 53
390 53
391 53
392 53
393 53
394 53
395 53
396 53
397 53
398 53
399 53
400 53
401 53
402 53
403 53
404 53
405 53
406 53
407 53
408 53
409 53
410 53
411 53
412 53
413 53
414 53
415 53
416 53
417 53
418 53
419 53
2 54
3 54
4 54
5 54
6 54
7 54
12 54
63 54
141 54
144 54
146 54
147 54
187 54
354 54
358 54
371 54
376 54
386 54
389 54
397 54
408 54
413 54
420 54
421 54
422 54
423 54
424 54
425 54
426 54
427 54
428 54
429 54
430 54
431 54
432 54
433 54
434 54
435 54
436 54
437 54
438 54
439 54
440 54
441 54
442 54
443 54
444 54
445 54
446 54
447 54
448 54
449 54
450 54
451 54
452 54
453 54
454 54
455 54
456 54
457 54
458 54
459 54
460 54
461 54
462 54
463 54
464 54
465 54
466 54
467 54
468 54
469 54
470 54
471 54
472 54
473 54
474 54
475 54
476 54
477 54
478 54
479 54
480 54
481 54
482 54
483 54
484 54
485 54
486 54
487 54
488 54
489 54
490 54
491 54
492 54
493 54
494 54
495 54
496 54
497 54
498 54
499 54
500 54
2 55
3 55
4 55
5 55
6 55
7 55
19 55
44 55
138 55
175 55
201 55
312 55
314 55
353 55
373 55
374 55
387 55
388 55
401 55
414 55
419 55
423 55
429 55
466 55
491 55
2 56
3 56
4 56
5 56
6 56
7 56
40 56
44 56
401 56
1 61
3 61
5 61
8 61
42 61
61 61
407 61
1 62
1 63
1 64
12 64
45 64
61 64
62 64
63 64
317 64
1 65
26 65
27 65
249 65
258 65
259 65
260 65
1 66
26 66
27 66
249 66
258 66
259 66
260 66
1 67
9 67
1 68
9 68
1 69
9 69
1 70
9 70
1 71
9 71
1 72
9 72
87 72
1 73
9 73
87 74
1 75
9 75
1 76
3 76
75 76
77 76
78 76
79 76
80 76
82 76
83 76
84 76
86 76
87 76
88 76
89 76
91 76
383 76
388 76
424 76
1 77
9 77
88 77
1 78
9 78
1 79
9 79
1 80
84 80
85 80
1 81
9 81
9 82
383 82
1 83
9 83
76 83
85 83
1 84
9 84
76 84
85 84
2 85
3 85
4 85
5 85
6 85
7 85
1 87
9 87
73 87
1 88
9 88
76 88
85 88
1 89
9 89
1 90
84 90
1 91
9 91
10 93
96 93
101 93
102 93
107 93
10 95
1 96
10 96
101 96
102 96
106 96
107 96
106 97
107 97
10 98
95 98
10 99
101 99
102 99
7 101
10 101
101 101
102 101
10 102
95 102
96 102
101 102
102 102
103 102
104 102
105 102
106 102
108 102
300 102
379 102
1 103
10 103
85 103
101 103
102 103
104 103
107 103
300 103
379 103
1 104
10 104
101 104
102 104
300 104
10 105
101 105
102 105
3 106
10 106
96 106
97 106
101 106
102 106
106 106
285 106
300 106
10 107
10 108
2 109
3 109
4 109
5 109
6 109
7 109
11 111
1 115
12 115
42 115
120 115
1 116
47 116
120 116
1 117
120 117
1 118
12 118
1 119
12 119
42 119
1 120
12 120
42 120
15 121
52 121
126 121
130 123
380 124
382 124
15 125
130 125
131 125
13 126
15 126
123 126
130 128
1 129
3 129
13 129
17 129
130 129
13 130
15 130
17 130
52 130
85 130
123 130
126 130
129 130
133 130
138 130
150 130
358 130
15 131
126 131
127 131
131 131
132 131
132 132
130 133
148 133
130 134
133 134
138 134
150 134
363 134
130 135
133 135
138 135
150 135
435 135
1 136
15 136
62 136
130 137
52 138
123 138
130 138
139 138
140 138
141 138
142 138
143 138
144 138
145 138
146 138
148 138
15 139
42 140
52 140
444 140
1 141
130 141
52 144
130 144
136 144
160 144
456 144
385 145
15 146
15 148
130 148
133 148
138 148
144 148
150 148
385 148
15 149
138 149
150 149
353 149
373 149
52 150
130 150
148 150
153 150
130 152
52 153
130 155
130 160
261 160
281 160
161 161
298 162
15 164
15 165
164 165
1 168
16 169
42 169
169 169
170 169
171 169
172 169
173 169
174 169
176 169
177 169
178 169
179 169
16 170
42 170
169 170
170 170
171 170
172 170
173 170
174 170
176 170
177 170
178 170
179 170
16 171
42 171
169 171
170 171
171 171
172 171
173 171
174 171
176 171
177 171
178 171
179 171
16 172
42 172
169 172
170 172
171 172
172 172
173 172
174 172
176 172
177 172
178 172
179 172
16 173
194 173
16 174
42 174
169 174
170 174
171 174
172 174
173 174
174 174
176 174
177 174
178 174
179 174
16 175
260 175
16 176
42 176
169 176
170 176
171 176
172 176
173 176
174 176
176 176
177 176
178 176
179 176
16 177
42 177
169 177
170 177
171 177
172 177
173 177
174 177
176 177
177 177
178 177
179 177
16 178
42 178
169 178
170 178
171 178
172 178
173 178
174 178
176 178
177 178
178 178
179 178
6 179
16 179
42 179
169 179
170 179
171 179
172 179
173 179
174 179
176 179
177 179
178 179
179 179
16 180
42 180
169 180
170 180
171 180
172 180
173 180
174 180
176 180
177 180
178 180
179 180
17 182
92 182
17 183
1 185
18 185
187 185
192 185
214 185
222 185
223 185
361 185
1 186
18 186
187 186
214 186
222 186
223 186
228 186
361 186
1 187
18 187
185 187
186 187
189 187
190 187
214 187
222 187
223 187
483 187
492 187
18 188
1 189
18 189
190 189
200 189
214 189
222 189
223 189
1 190
18 190
214 190
222 190
223 190
1 191
18 191
222 191
223 191
1 192
202 192
228 192
1 193
1 195
18 195
222 195
223 195
1 196
18 196
190 196
222 196
223 196
1 197
18 197
42 197
214 197
222 197
223 197
1 198
18 198
187 198
190 198
191 198
200 198
202 198
206 198
208 198
214 198
222 198
223 198
226 198
344 198
477 198
1 199
18 199
187 199
190 199
191 199
200 199
202 199
206 199
208 199
214 199
222 199
223 199
226 199
344 199
477 199
1 200
18 200
191 200
214 200
222 200
223 200
1 201
18 201
214 201
222 201
223 201
226 201
314 201
366 201
487 201
1 202
18 202
42 202
214 202
222 202
223 202
1 203
18 203
189 203
190 203
192 203
200 203
208 203
214 203
222 203
223 203
344 203
1 204
18 204
222 204
223 204
18 205
42 205
200 205
201 205
214 205
1 206
18 206
214 206
222 206
223 206
225 206
226 206
227 206
1 207
18 207
222 207
223 207
1 208
18 208
191 208
200 208
214 208
222 208
223 208
1 209
18 209
207 209
208 209
214 209
222 209
223 209
1 210
18 210
210 210
211 210
212 210
214 210
222 210
223 210
1 211
18 211
210 211
211 211
212 211
214 211
222 211
223 211
1 212
3 212
18 212
192 212
194 212
207 212
210 212
211 212
212 212
214 212
222 212
223 212
1 213
18 213
214 213
222 213
223 213
18 214
42 214
200 214
201 214
214 214
18 215
200 215
201 215
214 215
1 218
26 218
27 218
42 218
249 218
250 218
251 218
252 218
253 218
254 218
255 218
256 218
258 218
259 218
1 219
18 219
200 219
208 219
214 219
222 219
223 219
1 220
18 220
191 220
202 220
208 220
210 220
214 220
222 220
223 220
361 220
1 222
3 222
18 222
187 222
189 222
190 222
191 222
195 222
196 222
197 222
198 222
200 222
201 222
202 222
203 222
204 222
206 222
207 222
208 222
210 222
211 222
212 222
213 222
214 222
219 222
220 222
222 222
223 222
225 222
344 222
354 222
361 222
483 222
492 222
498 222
1 223
7 223
18 223
42 223
200 223
208 223
214 223
221 223
222 223
223 223
344 223
1 224
18 224
214 224
222 224
223 224
226 224
18 225
185 225
225 225
1 226
18 226
222 226
223 226
18 227
210 227
1 228
18 228
187 228
192 228
214 228
222 228
223 228
361 228
1 229
19 229
229 229
230 229
231 229
232 229
233 229
234 229
235 229
236 229
237 229
238 229
239 229
240 229
241 229
1 230
19 230
229 230
230 230
231 230
232 230
233 230
234 230
235 230
236 230
237 230
238 230
239 230
240 230
241 230
1 231
19 231
229 231
230 231
231 231
232 231
233 231
234 231
235 231
236 231
237 231
238 231
239 231
240 231
241 231
1 232
19 232
229 232
230 232
231 232
232 232
233 232
234 232
235 232
236 232
237 232
238 232
239 232
240 232
241 232
1 233
19 233
229 233
230 233
231 233
232 233
233 233
234 233
235 233
236 233
237 233
238 233
239 233
240 233
241 233
1 234
19 234
229 234
230 234
231 234
232 234
233 234
234 234
235 234
236 234
237 234
238 234
239 234
240 234
1 235
19 235
42 235
229 235
230 235
231 235
232 235
233 235
234 235
235 235
236 235
237 235
238 235
239 235
240 235
241 235
1 236
19 236
229 236
230 236
231 236
232 236
233 236
234 236
235 236
236 236
237 236
238 236
239 236
240 236
241 236
1 237
19 237
229 237
230 237
231 237
232 237
233 237
234 237
235 237
236 237
237 237
238 237
239 237
240 237
241 237
1 238
19 238
229 238
230 238
231 238
232 238
233 238
234 238
235 238
236 238
237 238
238 238
239 238
240 238
241 238
1 239
19 239
229 239
231 239
232 239
234 239
236 239
237 239
238 239
239 239
240 239
241 239
242 239
1 240
19 240
229 240
230 240
231 240
232 240
233 240
234 240
235 240
236 240
237 240
238 240
239 240
240 240
241 240
1 241
19 241
229 241
230 241
231 241
232 241
233 241
234 241
235 241
236 241
237 241
238 241
239 241
240 241
241 241
19 242
284 242
1 243
19 243
229 243
230 243
231 243
232 243
233 243
234 243
235 243
236 243
237 243
238 243
239 243
240 243
241 243
1 244
19 244
229 244
230 244
231 244
232 244
233 244
234 244
235 244
236 244
237 244
238 244
239 244
240 244
241 244
1 245
19 245
229 245
230 245
231 245
232 245
233 245
234 245
235 245
236 245
237 245
238 245
239 245
240 245
241 245
19 246
1 247
19 247
229 247
230 247
231 247
232 247
233 247
234 247
235 247
236 247
237 247
238 247
239 247
240 247
241 247
1 248
19 248
229 248
230 248
231 248
232 248
233 248
234 248
235 248
236 248
237 248
238 248
239 248
240 248
241 248
1 250
26 250
27 250
249 250
258 250
259 250
260 250
1 251
26 251
27 251
249 251
258 251
259 251
260 251
1 252
26 252
27 252
249 252
258 252
259 252
260 252
1 253
26 253
27 253
249 253
258 253
259 253
260 253
1 254
26 254
27 254
249 254
258 254
259 254
260 254
1 255
26 255
27 255
249 255
258 255
259 255
260 255
1 256
26 256
27 256
249 256
258 256
259 256
260 256
1 257
42 257
43 257
44 257
1 258
1 260
130 262
261 262
281 262
261 263
262 263
263 263
264 263
266 263
267 263
274 263
275 263
276 263
277 263
278 263
279 263
280 263
281 263
261 264
262 264
263 264
264 264
265 264
266 264
267 264
268 264
269 264
270 264
271 264
272 264
273 264
274 264
275 264
276 264
277 264
278 264
279 264
280 264
281 264
261 265
262 265
263 265
264 265
265 265
266 265
267 265
268 265
269 265
270 265
271 265
272 265
273 265
274 265
275 265
276 265
277 265
278 265
279 265
280 265
281 265
261 266
262 266
263 266
264 266
266 266
267 266
274 266
275 266
276 266
277 266
278 266
279 266
280 266
281 266
261 267
262 267
263 267
264 267
266 267
267 267
274 267
275 267
276 267
277 267
278 267
279 267
280 267
281 267
261 268
262 268
263 268
264 268
265 268
266 268
267 268
268 268
269 268
270 268
271 268
272 268
273 268
274 268
275 268
276 268
277 268
278 268
279 268
280 268
281 268
261 269
262 269
263 269
264 269
265 269
266 269
267 269
268 269
269 269
270 269
271 269
272 269
273 269
274 269
275 269
276 269
277 269
278 269
279 269
280 269
281 269
261 270
262 270
263 270
264 270
265 270
266 270
267 270
268 270
269 270
270 270
271 270
272 270
273 270
274 270
275 270
276 270
277 270
278 270
279 270
280 270
281 270
261 271
262 271
263 271
264 271
265 271
266 271
267 271
268 271
269 271
270 271
271 271
272 271
273 271
274 271
275 271
276 271
277 271
278 271
279 271
280 271
281 271
261 272
262 272
263 272
264 272
265 272
266 272
267 272
268 272
269 272
270 272
271 272
272 272
273 272
274 272
275 272
276 272
277 272
278 272
279 272
280 272
281 272
261 273
262 273
263 273
264 273
265 273
266 273
267 273
268 273
269 273
270 273
271 273
272 273
273 273
274 273
275 273
276 273
277 273
278 273
279 273
280 273
281 273
261 274
262 274
263 274
264 274
266 274
267 274
274 274
275 274
276 274
277 274
278 274
279 274
280 274
281 274
261 275
262 275
263 275
264 275
266 275
267 275
274 275
275 275
276 275
277 275
278 275
279 275
280 275
281 275
261 276
262 276
263 276
264 276
266 276
267 276
274 276
275 276
276 276
277 276
278 276
279 276
280 276
281 276
164 277
261 277
262 277
263 277
264 277
266 277
267 277
274 277
275 277
276 277
277 277
278 277
279 277
280 277
281 277
261 278
262 278
263 278
264 278
266 278
267 278
274 278
275 278
276 278
277 278
278 278
279 278
280 278
281 278
261 279
262 279
263 279
264 279
266 279
267 279
274 279
275 279
276 279
277 279
278 279
279 279
280 279
281 279
261 280
262 280
263 280
264 280
266 280
267 280
274 280
275 280
276 280
277 280
278 280
279 280
280 280
281 280
262 281
1 283
28 283
29 283
30 283
1 284
19 284
229 284
231 284
232 284
234 284
236 284
237 284
238 284
239 284
240 284
241 284
242 284
11 286
1 287
3 287
32 287
194 287
1 288
293 288
1 289
1 290
3 290
194 290
312 290
458 290
3 291
14 291
42 291
1 292
106 300
107 300
39 303
40 303
1 304
3 304
288 304
1 305
3 305
1 311
44 311
1 313
44 313
1 314
329 315
46 316
315 316
316 316
317 316
318 316
319 316
320 316
321 316
322 316
323 316
324 316
325 316
326 316
327 316
328 316
329 316
330 316
331 316
335 316
315 317
316 317
317 317
318 317
319 317
320 317
321 317
322 317
323 317
324 317
325 317
326 317
327 317
328 317
329 317
330 317
331 317
332 317
333 317
334 317
335 317
46 318
315 318
316 318
317 318
318 318
319 318
320 318
321 318
322 318
323 318
324 318
325 318
326 318
327 318
328 318
329 318
330 318
331 318
335 318
46 319
315 319
316 319
317 319
318 319
319 319
320 319
321 319
322 319
323 319
324 319
325 319
326 319
327 319
328 319
329 319
330 319
331 319
335 319
46 320
315 320
316 320
317 320
318 320
319 320
320 320
321 320
322 320
323 320
324 320
325 320
326 320
327 320
328 320
329 320
330 320
331 320
335 320
46 321
315 321
316 321
317 321
318 321
319 321
320 321
321 321
322 321
323 321
324 321
325 321
326 321
327 321
328 321
329 321
330 321
331 321
335 321
46 322
315 322
316 322
317 322
318 322
319 322
320 322
321 322
322 322
323 322
324 322
325 322
326 322
327 322
328 322
329 322
330 322
331 322
335 322
46 323
315 323
316 323
317 323
318 323
319 323
320 323
321 323
322 323
323 323
324 323
325 323
326 323
327 323
328 323
329 323
330 323
331 323
335 323
46 324
315 324
316 324
317 324
318 324
319 324
320 324
321 324
322 324
323 324
324 324
325 324
326 324
327 324
328 324
329 324
330 324
331 324
335 324
46 325
315 325
316 325
317 325
318 325
319 325
320 325
321 325
322 325
323 325
324 325
325 325
326 325
327 325
328 325
329 325
330 325
331 325
335 325
46 326
317 326
318 326
319 326
320 326
321 326
322 326
324 326
325 326
326 326
327 326
328 326
329 326
330 326
331 326
417 326
46 327
315 327
316 327
317 327
318 327
319 327
320 327
321 327
322 327
323 327
324 327
325 327
326 327
327 327
328 327
329 327
330 327
331 327
335 327
46 328
315 328
316 328
317 328
318 328
319 328
320 328
321 328
322 328
323 328
324 328
325 328
326 328
327 328
328 328
329 328
330 328
331 328
335 328
46 329
315 329
316 329
317 329
318 329
319 329
320 329
321 329
322 329
323 329
324 329
325 329
326 329
327 329
328 329
329 329
330 329
331 329
335 329
46 330
335 331
46 332
315 332
316 332
317 332
318 332
319 332
320 332
321 332
322 332
323 332
324 332
325 332
326 332
327 332
328 332
329 332
330 332
331 332
335 332
46 333
315 333
316 333
317 333
318 333
319 333
320 333
321 333
322 333
323 333
324 333
325 333
326 333
327 333
328 333
329 333
330 333
331 333
335 333
1 336
260 336
336 336
337 336
1 339
260 339
336 339
337 339
260 341
336 341
337 341
2 342
3 342
4 342
5 342
6 342
7 342
153 342
202 342
311 342
341 342
345 342
260 343
336 343
337 343
1 344
8 344
1 345
1 346
10 348
101 348
102 348
421 348
1 352
8 352
1 354
18 354
185 354
190 354
222 354
223 354
463 358
500 358
42 359
1 360
62 360
1 361
18 361
187 361
192 361
214 361
222 361
223 361
361 361
1 362
13 363
15 363
17 363
130 363
155 363
159 363
161 363
163 363
164 363
42 367
1 371
260 371
1 377
6 378
42 378
10 379
101 379
102 379
13 380
358 380
6 381
7 382
13 382
15 382
130 382
1 383
9 383
6 384
62 386
260 389
260 391
391 391
11 392
394 393
52 395
130 395
1 398
62 398
42 402
42 403
3 404
1 407
8 407
61 407
18 408
185 408
225 408
312 409
85 410
1 411
1 414
3 415
31 415
414 415
46 417
1 419
1 420
12 420
61 420
62 420
63 420
317 420
389 420
397 420
429 420
446 420
452 420
460 420
486 420
10 421
101 421
102 421
348 421
379 421
441 421
465 421
478 421
484 421
42 422
77 424
1 425
130 426
133 426
138 426
139 426
141 426
143 426
144 426
146 426
147 426
150 426
444 426
182 427
183 427
374 427
42 428
1 430
1 431
42 432
15 434
1 437
1 438
130 438
136 438
139 438
140 438
143 438
160 438
456 438
17 439
10 441
101 441
102 441
421 441
17 443
42 444
52 444
444 444
1 446
1 448
1 450
1 451
1 453
1 454
1 455
1 457
8 457
260 457
1 459
365 459
458 459
1 460
42 460
460 460
1 461
1 462
13 463
358 463
1 464
10 465
101 465
102 465
1 466
42 466
17 467
1 468
1 469
42 469
1 470
17 471
1 475
1 476
1 477
18 477
222 477
223 477
10 478
101 478
102 478
421 478
1 479
1 482
1 483
18 483
10 484
101 484
102 484
1 486
17 488
1 489
17 490
1 491
1 492
18 492
222 492
223 492
361 492
1 495
360 496
260 497
1 498
18 498
222 498
223 498
17 499
13 500
358 500
