1 1
326 1
327 1
328 1
329 1
330 1
331 1
2 2
290 2
327 2
329 2
332 2
333 2
334 2
335 2
336 2
337 2
338 2
3 3
334 3
339 3
340 3
341 3
4 4
332 4
334 4
343 4
5 5
6 5
7 5
8 5
9 5
10 5
11 5
22 5
344 5
345 5
346 5
347 5
348 5
349 5
350 5
351 5
352 5
353 5
354 5
355 5
356 5
359 5
361 5
365 5
366 5
367 5
368 5
369 5
370 5
371 5
372 5
373 5
374 5
377 5
378 5
379 5
380 5
381 5
382 5
383 5
384 5
385 5
387 5
425 5
426 5
427 5
5 6
6 6
238 6
388 6
389 6
390 6
391 6
392 6
393 6
396 6
397 6
398 6
399 6
400 6
401 6
402 6
5 7
7 7
238 7
397 7
399 7
403 7
404 7
405 7
407 7
408 7
5 8
8 8
397 8
399 8
409 8
410 8
411 8
5 9
9 9
399 9
412 9
415 9
416 9
417 9
421 9
424 9
5 10
10 10
238 10
474 10
475 10
476 10
477 10
478 10
479 10
3981 10
5 11
11 11
143 11
417 11
447 11
448 11
449 11
450 11
451 11
12 12
452 12
453 12
454 12
455 12
456 12
457 12
459 12
461 12
462 12
463 12
464 12
467 12
468 12
472 12
473 12
13 13
295 13
353 13
354 13
355 13
356 13
359 13
374 13
399 13
480 13
486 13
492 13
493 13
494 13
495 13
496 13
497 13
498 13
499 13
500 13
14 14
353 14
354 14
355 14
356 14
359 14
434 14
437 14
501 14
502 14
503 14
504 14
505 14
508 14
509 14
510 14
511 14
512 14
513 14
514 14
3983 14
15 15
345 15
353 15
354 15
355 15
356 15
359 15
515 15
516 15
517 15
518 15
520 15
521 15
522 15
523 15
525 15
526 15
529 15
530 15
531 15
532 15
533 15
534 15
535 15
536 15
537 15
538 15
539 15
541 15
542 15
543 15
544 15
545 15
546 15
547 15
548 15
549 15
550 15
551 15
552 15
553 15
554 15
555 15
556 15
557 15
558 15
559 15
560 15
561 15
562 15
3905 15
3936 15
17 17
581 17
582 17
583 17
585 17
590 17
591 17
592 17
593 17
594 17
18 18
583 18
595 18
596 18
597 18
598 18
599 18
600 18
19 19
601 19
602 19
604 19
605 19
606 19
607 19
608 19
611 19
612 19
613 19
614 19
615 19
617 19
618 19
619 19
620 19
621 19
622 19
623 19
624 19
625 19
626 19
21 21
77 21
659 21
660 21
662 21
663 21
664 21
665 21
666 21
5 22
22 22
474 22
475 22
659 22
667 22
668 22
670 22
23 23
322 23
671 23
672 23
673 23
674 23
675 23
676 23
24 24
677 24
678 24
682 24
25 25
688 25
691 25
694 25
695 25
696 25
697 25
699 25
700 25
703 25
704 25
705 25
706 25
707 25
708 25
709 25
26 26
151 26
710 26
711 26
712 26
713 26
714 26
715 26
716 26
717 26
718 26
27 27
596 27
719 27
720 27
721 27
722 27
723 27
724 27
725 27
726 27
727 27
1364 27
31 31
151 31
755 31
756 31
757 31
758 31
759 31
760 31
33 33
318 33
398 33
400 33
772 33
773 33
775 33
776 33
777 33
778 33
779 33
780 33
781 33
782 33
783 33
784 33
785 33
786 33
787 33
788 33
789 33
790 33
791 33
792 33
793 33
794 33
795 33
796 33
797 33
798 33
1329 33
3282 33
34 34
35 34
799 34
800 34
801 34
802 34
804 34
805 34
806 34
807 34
808 34
809 34
810 34
34 35
35 35
64 35
800 35
801 35
802 35
811 35
813 35
814 35
815 35
816 35
817 35
818 35
37 37
244 37
790 37
827 37
829 37
830 37
833 37
3869 37
40 40
850 40
853 40
856 40
857 40
858 40
859 40
861 40
862 40
864 40
866 40
870 40
871 40
872 40
41 41
76 41
883 41
884 41
885 41
886 41
887 41
888 41
889 41
890 41
3912 41
43 43
71 43
161 43
897 43
898 43
899 43
900 43
901 43
902 43
44 44
903 44
904 44
906 44
908 44
909 44
911 44
912 44
913 44
915 44
916 44
917 44
918 44
919 44
921 44
924 44
925 44
928 44
929 44
930 44
931 44
933 44
936 44
937 44
938 44
939 44
951 44
970 44
981 44
989 44
1051 44
45 45
47 45
990 45
991 45
992 45
994 45
995 45
997 45
998 45
1001 45
1002 45
1007 45
1008 45
1009 45
1010 45
1011 45
1012 45
1095 45
1106 45
46 46
47 46
1013 46
1014 46
1015 46
1016 46
1017 46
1018 46
1020 46
1024 46
1025 46
1095 46
1106 46
45 47
46 47
47 47
1026 47
1027 47
1028 47
1095 47
1106 47
3913 47
48 48
903 48
1029 48
1030 48
1033 48
1034 48
1050 48
1051 48
1095 48
1106 48
49 49
1062 49
1095 49
1097 49
1106 49
50 50
149 50
1083 50
1084 50
1088 50
1093 50
1094 50
1095 50
1106 50
51 51
1095 51
1106 51
52 52
53 52
1118 52
1119 52
1120 52
1121 52
1122 52
1123 52
1124 52
1128 52
1130 52
1131 52
1135 52
1136 52
1138 52
1139 52
1141 52
1142 52
1143 52
1144 52
52 53
53 53
160 53
306 53
1145 53
1146 53
1147 53
1148 53
1149 53
1150 53
1151 53
1152 53
1153 53
1154 53
1155 53
1156 53
1157 53
1163 53
1164 53
1165 53
1166 53
54 54
1167 54
1169 54
1170 54
1171 54
1172 54
1173 54
58 58
1206 58
2547 58
3916 58
63 63
1243 63
1244 63
1245 63
1246 63
1248 63
1249 63
1250 63
1251 63
1252 63
1255 63
1256 63
1257 63
1258 63
1259 63
35 64
64 64
68 64
1260 64
1261 64
1262 64
1267 64
1268 64
1269 64
1270 64
1271 64
1272 64
1273 64
1274 64
1275 64
66 66
68 66
1275 66
1290 66
1291 66
1292 66
1293 66
1294 66
1295 66
1296 66
67 67
1275 67
1297 67
1298 67
1299 67
64 68
66 68
68 68
1262 68
1272 68
1275 68
1297 68
1298 68
1300 68
1301 68
69 69
1302 69
1303 69
1304 69
1305 69
1306 69
1307 69
1308 69
1309 69
2547 69
70 70
1313 70
1314 70
1315 70
1316 70
1321 70
1322 70
1323 70
1324 70
1325 70
1326 70
1327 70
1328 70
43 71
71 71
72 71
143 71
899 71
1330 71
1333 71
1334 71
1335 71
1336 71
1337 71
1338 71
1340 71
1341 71
1342 71
1343 71
1344 71
1345 71
1347 71
1348 71
1349 71
1350 71
1351 71
1352 71
1353 71
1354 71
1355 71
71 72
72 72
1353 72
1356 72
1358 72
1359 72
73 73
154 73
1334 73
1360 73
1361 73
1362 73
1363 73
74 74
353 74
1365 74
1366 74
1370 74
1372 74
1373 74
1374 74
1375 74
1376 74
1377 74
41 76
76 76
538 76
883 76
1383 76
1384 76
1385 76
1386 76
1387 76
1388 76
1389 76
1390 76
21 77
77 77
687 77
1391 77
1392 77
1393 77
1394 77
1395 77
1396 77
1397 77
1398 77
1399 77
1400 77
1401 77
1402 77
1403 77
1407 77
1408 77
1409 77
1410 77
1411 77
1412 77
1414 77
1415 77
1416 77
1417 77
1418 77
1419 77
1422 77
1423 77
1424 77
1425 77
1426 77
1427 77
1428 77
1429 77
1430 77
1431 77
1432 77
1433 77
1434 77
1435 77
1436 77
1438 77
1439 77
1440 77
1441 77
1442 77
3937 77
3938 77
3939 77
78 78
666 78
1443 78
1444 78
1445 78
1448 78
1450 78
1451 78
1452 78
1454 78
1455 78
1456 78
1457 78
1458 78
1459 78
1460 78
1461 78
1462 78
1463 78
1464 78
1465 78
1466 78
82 82
1482 82
1483 82
1484 82
1485 82
1486 82
1487 82
1488 82
87 87
479 87
1537 87
1538 87
1539 87
96 96
371 96
680 96
1609 96
1612 96
1613 96
1618 96
1619 96
1620 96
1621 96
1622 96
1623 96
1624 96
97 97
1625 97
1639 97
1640 97
1641 97
98 98
246 98
1642 98
1643 98
99 99
1644 99
1646 99
1647 99
1648 99
1652 99
100 100
1258 100
1653 100
1654 100
1655 100
1656 100
1657 100
1658 100
1659 100
1660 100
1662 100
1663 100
101 101
1664 101
1665 101
1666 101
1668 101
1669 101
1670 101
103 103
1675 103
1676 103
1677 103
1678 103
1680 103
109 109
700 109
871 109
1243 109
1708 109
1709 109
1710 109
1711 109
1712 109
1713 109
1714 109
1715 109
1716 109
1717 109
111 111
1483 111
1726 111
1727 111
1728 111
1729 111
1730 111
1731 111
1732 111
1733 111
1734 111
1735 111
1736 111
1737 111
1738 111
1739 111
114 114
1258 114
1663 114
1750 114
1751 114
1752 114
1753 114
3943 114
115 115
1754 115
1755 115
117 117
123 117
1762 117
1763 117
1765 117
1766 117
1767 117
1768 117
1769 117
1770 117
1771 117
117 123
123 123
127 123
132 123
1754 123
1755 123
1796 123
1797 123
1798 123
1800 123
1801 123
1802 123
1804 123
1805 123
1806 123
1807 123
1808 123
1809 123
1810 123
1812 123
1814 123
1815 123
1816 123
1818 123
1819 123
1820 123
124 124
125 124
126 124
127 124
1812 124
1821 124
1824 124
1825 124
1826 124
1831 124
1832 124
124 125
125 125
126 125
1833 125
1836 125
1838 125
1839 125
1840 125
1841 125
124 126
125 126
126 126
812 126
1842 126
1843 126
1844 126
1845 126
1846 126
1847 126
1848 126
1852 126
1853 126
1854 126
1855 126
1856 126
1857 126
1858 126
1859 126
1860 126
123 127
124 127
127 127
128 127
1812 127
1814 127
1815 127
1861 127
1862 127
1863 127
1864 127
1865 127
1866 127
1867 127
1868 127
1869 127
1870 127
1871 127
1872 127
1873 127
1874 127
1875 127
1876 127
3944 127
127 128
128 128
1877 128
1878 128
1879 128
1880 128
129 129
130 129
132 129
141 129
464 129
667 129
1318 129
1736 129
1801 129
1808 129
1809 129
1810 129
1816 129
1861 129
1881 129
1886 129
1887 129
1888 129
1889 129
1891 129
1892 129
1893 129
1894 129
1895 129
1896 129
1897 129
1898 129
1899 129
1900 129
1901 129
1902 129
1904 129
1905 129
1908 129
1909 129
1910 129
1911 129
1912 129
1913 129
1914 129
1915 129
1917 129
1918 129
129 130
130 130
131 130
1881 130
1905 130
1919 130
130 131
131 131
1915 131
1927 131
1928 131
1929 131
1930 131
1931 131
1933 131
1934 131
1935 131
1937 131
1938 131
123 132
129 132
132 132
1939 132
1940 132
1941 132
1942 132
133 133
1861 133
1943 133
1944 133
1945 133
1946 133
1947 133
1950 133
1951 133
1952 133
1953 133
134 134
461 134
1954 134
1955 134
1956 134
1957 134
1958 134
1959 134
1960 134
1961 134
135 135
1802 135
1962 135
1963 135
1964 135
1965 135
1966 135
1967 135
1968 135
1969 135
1970 135
136 136
1969 136
1971 136
1972 136
1973 136
1974 136
1975 136
1976 136
1977 136
1978 136
1979 136
1980 136
1981 136
1983 136
1984 136
1985 136
3945 136
4008 136
139 139
245 139
2004 139
2005 139
129 141
141 141
1808 141
1917 141
1918 141
2010 141
2011 141
2012 141
2013 141
2014 141
2015 141
2016 141
2017 141
2018 141
3910 141
3977 141
11 143
71 143
143 143
144 143
146 143
705 143
1175 143
1332 143
1336 143
1349 143
1670 143
2023 143
2024 143
2025 143
2026 143
2027 143
2028 143
2029 143
2030 143
2031 143
2032 143
2036 143
2037 143
2038 143
2039 143
2040 143
2041 143
2042 143
2043 143
2045 143
2046 143
2047 143
2049 143
2050 143
2051 143
2052 143
2053 143
2054 143
2055 143
2056 143
2057 143
2058 143
2059 143
2060 143
2061 143
2062 143
2063 143
2064 143
2065 143
2066 143
2067 143
2068 143
2069 143
2071 143
2072 143
2073 143
2074 143
2077 143
2078 143
2079 143
2080 143
2081 143
2082 143
2083 143
143 144
144 144
1175 144
2090 144
2091 144
2092 144
2093 144
2094 144
2095 144
2096 144
2097 144
2098 144
2099 144
2100 144
2101 144
2102 144
2103 144
145 145
2032 145
2033 145
2036 145
2037 145
2038 145
2039 145
2040 145
2041 145
2065 145
2081 145
2082 145
2083 145
2104 145
2105 145
2106 145
2107 145
2108 145
2109 145
2110 145
2111 145
2112 145
2113 145
143 146
146 146
386 146
2114 146
2117 146
2118 146
2119 146
2120 146
2121 146
2122 146
2123 146
2124 146
2125 146
2126 146
2127 146
147 147
1012 147
2128 147
2129 147
2130 147
2131 147
2132 147
2133 147
2134 147
50 149
149 149
160 149
1360 149
2045 149
2159 149
2160 149
2161 149
2162 149
2163 149
2164 149
2165 149
2166 149
2167 149
2168 149
2169 149
2170 149
26 151
31 151
151 151
152 151
1366 151
2176 151
2177 151
2178 151
2179 151
2180 151
2181 151
2182 151
2586 151
151 152
152 152
2176 152
2183 152
2184 152
2186 152
2187 152
2188 152
2189 152
2191 152
2192 152
2193 152
2194 152
2195 152
2196 152
2197 152
73 154
154 154
2205 154
2206 154
2207 154
2208 154
2209 154
157 157
1345 157
2225 157
53 160
149 160
160 160
1243 160
2244 160
2245 160
2246 160
2247 160
2248 160
2249 160
2250 160
2251 160
2253 160
2254 160
2255 160
2256 160
2257 160
2258 160
2259 160
2260 160
2261 160
2262 160
2263 160
43 161
161 161
871 161
2264 161
2265 161
2266 161
3953 161
3954 161
164 164
165 164
2063 164
2329 164
2330 164
2331 164
2332 164
2333 164
2334 164
2335 164
2336 164
2337 164
2338 164
2339 164
2340 164
2341 164
2342 164
2343 164
164 165
165 165
2062 165
2344 165
2345 165
2346 165
193 193
2072 193
2479 193
2480 193
2481 193
2482 193
206 206
2547 206
2585 206
207 207
210 207
2555 207
2612 207
2614 207
2615 207
2616 207
2617 207
2618 207
2619 207
2620 207
2621 207
2624 207
2625 207
2627 207
2628 207
2630 207
2631 207
2632 207
2633 207
2634 207
2635 207
208 208
2559 208
2560 208
2636 208
2637 208
2638 208
2639 208
2640 208
2641 208
2642 208
2643 208
2644 208
2645 208
2646 208
2647 208
2648 208
2649 208
2650 208
2654 208
2655 208
2656 208
2657 208
2658 208
2659 208
2660 208
2661 208
2662 208
2663 208
2664 208
207 210
210 210
2620 210
2687 210
2688 210
2689 210
2690 210
2691 210
2692 210
2693 210
2694 210
2695 210
2696 210
2697 210
2698 210
2699 210
2700 210
2701 210
2702 210
2703 210
2704 210
2705 210
2706 210
2707 210
2708 210
2709 210
2710 210
2711 210
2712 210
2713 210
2714 210
2715 210
2716 210
2717 210
2718 210
212 212
2614 212
2728 212
2729 212
2730 212
2731 212
2732 212
2733 212
2734 212
214 214
2617 214
2621 214
2746 214
2750 214
2753 214
2754 214
2755 214
2756 214
2757 214
221 221
1677 221
2787 221
233 233
685 233
2931 233
2932 233
2933 233
6 238
7 238
10 238
238 238
244 238
1329 238
1813 238
2966 238
2967 238
2968 238
239 239
2969 239
2970 239
2971 239
2972 239
2973 239
2974 239
2975 239
2976 239
2977 239
240 240
241 240
1271 240
2319 240
3994 240
240 241
241 241
417 241
1271 241
1844 241
1947 241
2978 241
2979 241
2980 241
2985 241
2987 241
2988 241
2989 241
2990 241
2991 241
2992 241
2996 241
2997 241
3002 241
3003 241
3004 241
3005 241
3994 241
242 242
251 242
1268 242
3006 242
3007 242
3008 242
3009 242
3010 242
3011 242
3012 242
3013 242
3014 242
3015 242
3016 242
3017 242
3018 242
3019 242
3020 242
3021 242
3022 242
3023 242
3024 242
3025 242
3026 242
3027 242
3028 242
3029 242
3030 242
3032 242
3033 242
3034 242
3035 242
3036 242
3037 242
3038 242
3039 242
3040 242
3041 242
3042 242
3043 242
3044 242
3045 242
3046 242
3047 242
3048 242
3049 242
243 243
1942 243
3050 243
3051 243
3053 243
3054 243
3055 243
3056 243
3057 243
3058 243
3059 243
3060 243
3061 243
3062 243
3063 243
3064 243
3065 243
3066 243
3067 243
3068 243
3069 243
37 244
238 244
244 244
245 244
248 244
254 244
322 244
1899 244
1933 244
3070 244
3071 244
3072 244
3073 244
3075 244
3076 244
3077 244
3079 244
3080 244
3081 244
3082 244
3083 244
3084 244
3086 244
3087 244
3090 244
3091 244
3092 244
3093 244
3094 244
3095 244
3096 244
3097 244
3100 244
3105 244
139 245
244 245
245 245
3106 245
3111 245
3112 245
3113 245
3114 245
3116 245
3117 245
3118 245
3119 245
3120 245
3121 245
3122 245
3123 245
3124 245
98 246
246 246
1012 246
1643 246
3125 246
3126 246
3129 246
3134 246
3135 246
3136 246
3137 246
3138 246
3139 246
3140 246
3143 246
3146 246
3910 246
244 248
248 248
1930 248
1933 248
1935 248
3090 248
3137 248
3155 248
3156 248
3159 248
3162 248
3163 248
3166 248
249 249
1935 249
3106 249
3107 249
3109 249
3110 249
3168 249
3169 249
3170 249
3206 249
250 250
3171 250
3172 250
3173 250
242 251
251 251
3169 251
3177 251
3178 251
3179 251
3180 251
3182 251
3183 251
3185 251
3186 251
253 253
1834 253
1931 253
2995 253
3007 253
3026 253
3027 253
3211 253
3214 253
3215 253
3216 253
3217 253
3218 253
3219 253
3220 253
3524 253
244 254
254 254
1930 254
2255 254
3226 254
3227 254
3228 254
3229 254
3230 254
3231 254
3232 254
3234 254
3237 254
3238 254
3240 254
3242 254
3243 254
4007 254
255 255
3128 255
3165 255
3247 255
256 256
1850 256
3128 256
3248 256
3249 256
260 260
261 260
262 260
2977 260
3271 260
3275 260
3276 260
3277 260
3278 260
3283 260
3292 260
3295 260
260 261
261 261
260 262
262 262
3288 262
3289 262
3290 262
3291 262
267 267
3220 267
3359 267
3360 267
274 274
3102 274
3401 274
3402 274
3403 274
3404 274
3405 274
3406 274
3407 274
3408 274
3409 274
3410 274
3411 274
3412 274
3413 274
3414 274
3415 274
3416 274
3417 274
3418 274
3419 274
3420 274
3421 274
3422 274
3423 274
3424 274
3425 274
3426 274
2 290
290 290
292 290
295 290
308 290
320 290
464 290
1174 290
1904 290
3548 290
3549 290
3551 290
3552 290
3553 290
3554 290
3555 290
3556 290
3557 290
3558 290
3562 290
3563 290
3564 290
3565 290
3566 290
3567 290
3568 290
3569 290
3570 290
3571 290
3572 290
3573 290
3574 290
3575 290
3576 290
3577 290
3578 290
291 291
296 291
306 291
3548 291
3549 291
3573 291
3579 291
3580 291
3581 291
3582 291
3583 291
3584 291
3585 291
3586 291
3587 291
3588 291
3589 291
3590 291
3591 291
3592 291
3593 291
3594 291
3595 291
3596 291
3597 291
3598 291
3599 291
290 292
292 292
298 292
767 292
3600 292
3603 292
3604 292
3605 292
3606 292
293 293
764 293
3607 293
3608 293
3609 293
294 294
3610 294
3611 294
3612 294
3613 294
3614 294
3615 294
3616 294
3617 294
3973 294
13 295
290 295
295 295
399 295
3612 295
3618 295
3619 295
3620 295
3621 295
3622 295
291 296
296 296
3588 296
3595 296
3620 296
3623 296
3624 296
297 297
3625 297
292 298
298 298
3207 298
3208 298
3567 298
3568 298
3628 298
3629 298
3630 298
3631 298
3632 298
3633 298
3634 298
300 300
1900 300
3648 300
3649 300
3652 300
3653 300
3655 300
3656 300
4000 300
301 301
433 301
3657 301
3658 301
3659 301
3660 301
3661 301
3662 301
3663 301
305 305
307 305
3219 305
3712 305
3713 305
3714 305
3715 305
3718 305
3719 305
3721 305
3723 305
3724 305
3725 305
3726 305
3918 305
3985 305
3986 305
3987 305
3988 305
53 306
291 306
306 306
1736 306
3715 306
3716 306
3717 306
3718 306
3719 306
3720 306
3721 306
3722 306
4001 306
305 307
307 307
3219 307
3723 307
3724 307
3725 307
3726 307
290 308
308 308
3727 308
3728 308
3729 308
309 309
3730 309
3732 309
3733 309
3737 309
3738 309
3739 309
3741 309
3742 309
311 311
340 311
1666 311
3752 311
3753 311
33 318
318 318
3825 318
3826 318
3828 318
3829 318
3830 318
3831 318
3832 318
3833 318
3834 318
3835 318
3836 318
3837 318
290 320
320 320
3841 320
3842 320
3843 320
3844 320
3845 320
3846 320
3847 320
3848 320
3849 320
3850 320
3851 320
23 322
244 322
322 322
538 322
1630 322
1908 322
2044 322
2135 322
2136 322
3128 322
3202 322
3860 322
3865 322
3866 322
3867 322
3868 322
3869 322
3872 322
3876 322
3879 322
3880 322
3881 322
3884 322
3885 322
3999 322
323 323
684 323
686 323
3886 323
3887 323
3888 323
3889 323
3890 323
4004 323
4006 323
1 326
326 326
1632 326
1 327
2 327
327 327
1 328
328 328
1 329
2 329
329 329
1 330
330 330
1 331
331 331
2 332
4 332
332 332
333 332
343 332
2 333
332 333
333 333
2 334
3 334
4 334
334 334
2 335
335 335
2 336
336 336
2 337
337 337
2 338
338 338
3 339
339 339
340 339
341 339
3 340
311 340
339 340
340 340
3 341
339 341
341 341
342 341
341 342
342 342
4 343
332 343
343 343
5 344
344 344
5 345
15 345
345 345
5 346
346 346
5 347
347 347
5 348
348 348
5 349
349 349
5 350
350 350
5 351
351 351
5 352
352 352
5 353
13 353
14 353
15 353
74 353
353 353
585 353
5 354
13 354
14 354
15 354
354 354
585 354
5 355
13 355
14 355
15 355
355 355
585 355
5 356
13 356
14 356
15 356
356 356
357 356
358 356
585 356
356 357
357 357
356 358
358 358
5 359
13 359
14 359
15 359
359 359
360 359
585 359
3920 359
359 360
360 360
5 361
361 361
362 361
363 361
364 361
361 362
362 362
361 363
363 363
361 364
364 364
5 365
365 365
5 366
366 366
5 367
367 367
5 368
368 368
5 369
369 369
5 370
370 370
5 371
96 371
371 371
1617 371
5 372
372 372
5 373
373 373
5 374
13 374
374 374
375 374
374 375
375 375
376 375
375 376
376 376
5 377
377 377
5 378
378 378
5 379
379 379
5 380
380 380
5 381
381 381
5 382
382 382
5 383
383 383
5 384
384 384
5 385
385 385
386 385
146 386
385 386
386 386
5 387
387 387
6 388
388 388
6 389
389 389
6 390
390 390
6 391
391 391
6 392
392 392
6 393
393 393
394 393
395 393
393 394
394 394
393 395
395 395
6 396
396 396
6 397
7 397
8 397
397 397
6 398
33 398
398 398
6 399
7 399
8 399
9 399
13 399
295 399
399 399
6 400
33 400
400 400
6 401
401 401
6 402
402 402
7 403
403 403
7 404
404 404
7 405
405 405
7 407
407 407
7 408
408 408
8 409
409 409
8 410
410 410
8 411
411 411
9 412
412 412
413 412
414 412
412 413
413 413
412 414
414 414
9 415
415 415
9 416
416 416
9 417
11 417
241 417
417 417
418 417
419 417
420 417
417 418
418 418
417 419
419 419
417 420
420 420
9 421
421 421
422 421
423 421
421 422
422 422
421 423
423 423
9 424
424 424
5 425
425 425
5 426
426 426
5 427
427 427
432 432
433 432
3983 432
301 433
432 433
433 433
14 434
434 434
3983 434
14 437
437 437
438 437
439 437
437 438
438 438
437 439
439 439
11 447
447 447
11 448
448 448
11 449
449 449
11 450
450 450
11 451
451 451
12 452
452 452
12 453
453 453
12 454
454 454
472 454
12 455
455 455
12 456
456 456
12 457
457 457
458 457
473 457
457 458
458 458
12 459
459 459
460 459
459 460
460 460
12 461
134 461
461 461
12 462
462 462
12 463
463 463
12 464
129 464
290 464
464 464
465 464
466 464
464 465
465 465
464 466
466 466
12 467
467 467
473 467
12 468
468 468
469 468
470 468
471 468
468 469
469 469
468 470
470 470
468 471
471 471
12 472
454 472
472 472
12 473
457 473
467 473
473 473
10 474
22 474
474 474
10 475
22 475
475 475
10 476
476 476
10 477
477 477
10 478
478 478
10 479
87 479
479 479
13 480
480 480
481 480
483 480
484 480
485 480
495 480
480 481
481 481
482 481
481 482
482 482
480 483
483 483
480 484
484 484
480 485
485 485
13 486
486 486
487 486
489 486
490 486
491 486
486 487
487 487
488 487
487 488
488 488
486 489
489 489
490 489
486 490
489 490
490 490
486 491
491 491
13 492
492 492
13 493
493 493
13 494
494 494
13 495
480 495
495 495
13 496
496 496
13 497
497 497
13 498
498 498
13 499
499 499
13 500
500 500
612 500
1947 500
14 501
501 501
14 502
502 502
14 503
503 503
14 504
504 504
14 505
505 505
506 505
507 505
505 506
506 506
505 507
507 507
14 508
508 508
14 509
509 509
14 510
510 510
14 511
511 511
14 512
512 512
14 513
513 513
14 514
514 514
15 515
515 515
15 516
516 516
15 517
517 517
15 518
518 518
519 518
518 519
519 519
15 520
520 520
15 521
521 521
15 522
522 522
15 523
523 523
524 523
523 524
524 524
15 525
525 525
15 526
526 526
527 526
528 526
526 527
527 527
526 528
528 528
15 529
529 529
15 530
530 530
15 531
531 531
15 532
532 532
15 533
533 533
15 534
534 534
15 535
535 535
15 536
536 536
537 536
15 537
536 537
537 537
15 538
76 538
322 538
538 538
3882 538
3883 538
15 539
539 539
540 539
539 540
540 540
15 541
541 541
15 542
542 542
15 543
543 543
15 544
544 544
15 545
545 545
15 546
546 546
15 547
547 547
15 548
548 548
15 549
549 549
15 550
550 550
15 551
551 551
15 552
552 552
15 553
553 553
15 554
554 554
15 555
555 555
15 556
556 556
15 557
557 557
15 558
558 558
15 559
559 559
15 560
560 560
15 561
561 561
15 562
562 562
17 581
581 581
17 582
582 582
17 583
18 583
583 583
584 583
583 584
584 584
1648 584
17 585
353 585
354 585
355 585
356 585
359 585
585 585
586 585
587 585
588 585
585 586
586 586
585 587
587 587
585 588
588 588
589 588
588 589
589 589
17 590
590 590
17 591
591 591
17 592
592 592
17 593
593 593
17 594
594 594
18 595
595 595
18 596
27 596
596 596
18 597
597 597
18 598
598 598
18 599
599 599
18 600
600 600
19 601
601 601
19 602
602 602
603 602
604 602
602 603
603 603
604 603
19 604
602 604
603 604
604 604
19 605
605 605
19 606
606 606
622 606
19 607
607 607
19 608
608 608
609 608
610 608
608 609
609 609
608 610
610 610
19 611
611 611
19 612
500 612
612 612
19 613
613 613
19 614
614 614
19 615
615 615
616 615
615 616
616 616
19 617
617 617
19 618
618 618
19 619
619 619
19 620
620 620
622 620
19 621
621 621
19 622
606 622
620 622
622 622
19 623
623 623
19 624
624 624
19 625
625 625
19 626
626 626
21 659
22 659
659 659
660 659
668 659
21 660
659 660
660 660
661 660
660 661
661 661
21 662
662 662
21 663
663 663
3906 663
21 664
664 664
21 665
665 665
21 666
78 666
666 666
22 667
129 667
667 667
668 667
1903 667
22 668
659 668
667 668
668 668
669 668
668 669
669 669
22 670
670 670
23 671
671 671
23 672
672 672
673 672
23 673
672 673
673 673
674 673
23 674
673 674
674 674
23 675
675 675
23 676
676 676
24 677
677 677
24 678
678 678
679 678
680 678
681 678
678 679
679 679
96 680
678 680
680 680
678 681
681 681
24 682
682 682
683 682
684 682
685 682
686 682
687 682
682 683
683 683
3907 683
323 684
682 684
684 684
233 685
682 685
685 685
323 686
682 686
686 686
3134 686
77 687
682 687
687 687
25 688
688 688
689 688
688 689
689 689
690 689
689 690
690 690
25 691
691 691
692 691
693 691
694 691
691 692
692 692
691 693
693 693
25 694
691 694
694 694
25 695
695 695
25 696
696 696
25 697
697 697
698 697
697 698
698 698
25 699
699 699
25 700
109 700
700 700
701 700
702 700
700 701
701 701
700 702
702 702
25 703
703 703
25 704
704 704
25 705
143 705
705 705
25 706
706 706
25 707
707 707
25 708
708 708
25 709
709 709
26 710
710 710
26 711
711 711
26 712
712 712
26 713
713 713
26 714
714 714
26 715
715 715
26 716
716 716
26 717
717 717
26 718
718 718
27 719
719 719
27 720
720 720
27 721
721 721
27 722
722 722
27 723
723 723
27 724
724 724
27 725
725 725
27 726
726 726
27 727
727 727
31 755
755 755
31 756
756 756
31 757
757 757
31 758
758 758
31 759
759 759
31 760
760 760
761 761
762 761
763 761
765 761
766 761
768 761
761 762
762 762
761 763
763 763
764 763
293 764
763 764
764 764
761 765
765 765
761 766
766 766
767 766
292 767
766 767
767 767
768 767
761 768
767 768
768 768
33 772
772 772
33 773
773 773
774 773
773 774
774 774
33 775
775 775
33 776
776 776
33 777
777 777
33 778
778 778
33 779
779 779
33 780
780 780
33 781
781 781
33 782
782 782
3100 782
33 783
783 783
33 784
784 784
33 785
785 785
33 786
786 786
33 787
787 787
33 788
788 788
33 789
789 789
33 790
37 790
790 790
33 791
791 791
33 792
792 792
33 793
793 793
33 794
794 794
33 795
795 795
33 796
796 796
33 797
797 797
33 798
798 798
34 799
799 799
850 799
34 800
35 800
800 800
3909 800
34 801
35 801
801 801
34 802
35 802
802 802
803 802
802 803
803 803
34 804
804 804
34 805
805 805
34 806
806 806
34 807
807 807
850 807
34 808
808 808
34 809
809 809
34 810
810 810
35 811
811 811
812 811
126 812
811 812
812 812
35 813
813 813
35 814
814 814
35 815
815 815
35 816
816 816
35 817
817 817
35 818
818 818
37 827
827 827
828 827
827 828
828 828
37 829
829 829
37 830
830 830
831 830
832 830
830 831
831 831
830 832
832 832
37 833
833 833
834 833
835 833
833 834
834 834
833 835
835 835
40 850
799 850
807 850
850 850
851 850
852 850
850 851
851 851
850 852
852 852
40 853
853 853
854 853
853 854
854 854
855 854
854 855
855 855
40 856
856 856
40 857
857 857
40 858
858 858
40 859
859 859
860 859
859 860
860 860
40 861
861 861
40 862
862 862
863 862
862 863
863 863
40 864
864 864
865 864
864 865
865 865
40 866
866 866
867 866
868 866
869 866
866 867
867 867
866 868
868 868
866 869
869 869
40 870
870 870
3911 870
40 871
109 871
161 871
871 871
40 872
872 872
41 883
76 883
883 883
41 884
884 884
41 885
885 885
41 886
886 886
41 887
887 887
41 888
888 888
41 889
889 889
41 890
890 890
43 897
897 897
43 898
898 898
43 899
71 899
899 899
1331 899
1332 899
43 900
900 900
43 901
901 901
43 902
902 902
44 903
48 903
903 903
904 903
44 904
903 904
904 904
905 904
904 905
905 905
44 906
906 906
907 906
906 907
907 907
44 908
908 908
44 909
909 909
910 909
909 910
910 910
44 911
911 911
44 912
912 912
44 913
913 913
914 913
913 914
914 914
44 915
915 915
44 916
916 916
44 917
917 917
44 918
918 918
44 919
919 919
920 919
919 920
920 920
44 921
921 921
922 921
921 922
922 922
923 922
922 923
923 923
44 924
924 924
925 924
44 925
924 925
925 925
926 925
927 925
925 926
926 926
925 927
927 927
44 928
928 928
44 929
929 929
44 930
930 930
44 931
931 931
932 931
931 932
932 932
44 933
933 933
934 933
935 933
933 934
934 934
933 935
935 935
44 936
936 936
981 936
44 937
937 937
981 937
44 938
938 938
981 938
44 939
939 939
940 939
941 939
942 939
943 939
944 939
946 939
947 939
948 939
950 939
951 939
939 940
940 940
939 941
941 941
939 942
942 942
939 943
943 943
939 944
944 944
945 944
944 945
945 945
939 946
946 946
939 947
947 947
939 948
948 948
949 948
948 949
949 949
939 950
950 950
44 951
939 951
951 951
952 951
954 951
955 951
956 951
957 951
958 951
959 951
961 951
963 951
964 951
965 951
966 951
967 951
968 951
969 951
951 952
952 952
953 952
969 952
952 953
953 953
951 954
954 954
951 955
955 955
951 956
956 956
957 956
968 956
951 957
956 957
957 957
968 957
951 958
958 958
951 959
959 959
960 959
961 959
963 959
964 959
959 960
960 960
951 961
959 961
961 961
962 961
961 962
962 962
3209 962
951 963
959 963
963 963
951 964
959 964
964 964
951 965
965 965
951 966
966 966
951 967
967 967
951 968
956 968
957 968
968 968
951 969
952 969
969 969
44 970
970 970
971 970
972 970
973 970
974 970
975 970
976 970
977 970
978 970
979 970
980 970
970 971
971 971
970 972
972 972
970 973
973 973
970 974
974 974
970 975
975 975
970 976
976 976
970 977
977 977
970 978
978 978
970 979
979 979
970 980
980 980
44 981
936 981
937 981
938 981
981 981
982 981
983 981
984 981
985 981
986 981
987 981
988 981
981 982
982 982
981 983
983 983
981 984
984 984
981 985
985 985
981 986
986 986
981 987
987 987
981 988
988 988
44 989
989 989
45 990
990 990
991 990
45 991
990 991
991 991
45 992
992 992
993 992
992 993
993 993
45 994
994 994
995 994
996 994
45 995
994 995
995 995
996 995
994 996
995 996
996 996
45 997
997 997
45 998
998 998
999 998
1000 998
1001 998
998 999
999 999
1001 999
998 1000
1000 1000
1001 1000
45 1001
998 1001
999 1001
1000 1001
1001 1001
45 1002
1002 1002
1003 1002
1006 1002
1095 1002
1106 1002
1002 1003
1003 1003
1004 1003
1003 1004
1004 1004
1005 1004
1004 1005
1005 1005
1002 1006
1006 1006
45 1007
1007 1007
3913 1007
45 1008
1008 1008
45 1009
1009 1009
45 1010
1010 1010
45 1011
1011 1011
45 1012
147 1012
246 1012
1012 1012
46 1013
1013 1013
46 1014
1014 1014
46 1015
1015 1015
46 1016
1016 1016
46 1017
1017 1017
46 1018
1018 1018
1019 1018
1018 1019
1019 1019
46 1020
1020 1020
1021 1020
1022 1020
1023 1020
1020 1021
1021 1021
1020 1022
1022 1022
1020 1023
1023 1023
46 1024
1024 1024
46 1025
1025 1025
47 1026
1026 1026
47 1027
1027 1027
47 1028
1028 1028
48 1029
1029 1029
48 1030
1030 1030
1031 1030
1032 1030
1033 1030
1030 1031
1031 1031
1032 1031
1030 1032
1031 1032
1032 1032
48 1033
1030 1033
1033 1033
1034 1033
1035 1033
1037 1033
1038 1033
1043 1033
1044 1033
1045 1033
1046 1033
48 1034
1033 1034
1034 1034
1033 1035
1035 1035
1036 1035
1037 1035
1035 1036
1036 1036
1033 1037
1035 1037
1037 1037
1033 1038
1038 1038
1039 1038
1040 1038
1042 1038
1038 1039
1039 1039
1038 1040
1040 1040
1041 1040
1040 1041
1041 1041
1038 1042
1042 1042
1033 1043
1043 1043
1033 1044
1044 1044
1033 1045
1045 1045
1033 1046
1046 1046
1047 1046
1048 1046
1049 1046
1046 1047
1047 1047
1046 1048
1048 1048
1046 1049
1049 1049
48 1050
1050 1050
44 1051
48 1051
1051 1051
1052 1051
1053 1051
1054 1051
1056 1051
1057 1051
1075 1051
1051 1052
1052 1052
1051 1053
1053 1053
1054 1053
1056 1053
1051 1054
1053 1054
1054 1054
1055 1054
1075 1054
1054 1055
1055 1055
1051 1056
1053 1056
1056 1056
1051 1057
1057 1057
1058 1057
1059 1057
1060 1057
1061 1057
1062 1057
1057 1058
1058 1058
1057 1059
1059 1059
1057 1060
1060 1060
1057 1061
1061 1061
49 1062
1057 1062
1062 1062
1063 1062
1064 1062
1065 1062
1066 1062
1067 1062
1068 1062
1072 1062
1075 1062
1062 1063
1063 1063
1062 1064
1064 1064
1062 1065
1065 1065
1062 1066
1066 1066
1062 1067
1067 1067
1062 1068
1068 1068
1069 1068
1070 1068
1071 1068
1068 1069
1069 1069
1068 1070
1070 1070
1068 1071
1071 1071
1072 1071
1062 1072
1071 1072
1072 1072
1073 1072
1074 1072
1072 1073
1073 1073
1072 1074
1074 1074
1051 1075
1054 1075
1062 1075
1075 1075
1076 1075
1077 1075
1078 1075
1079 1075
1080 1075
1081 1075
1082 1075
1075 1076
1076 1076
1075 1077
1077 1077
1075 1078
1078 1078
1079 1078
1075 1079
1078 1079
1079 1079
1075 1080
1080 1080
1075 1081
1081 1081
1075 1082
1082 1082
50 1083
1083 1083
50 1084
1084 1084
1085 1084
1086 1084
1088 1084
1084 1085
1085 1085
1084 1086
1086 1086
1087 1086
1086 1087
1087 1087
50 1088
1084 1088
1088 1088
1089 1088
1091 1088
1092 1088
1088 1089
1089 1089
1090 1089
1089 1090
1090 1090
1088 1091
1091 1091
1088 1092
1092 1092
50 1093
1093 1093
50 1094
1094 1094
45 1095
46 1095
47 1095
48 1095
49 1095
50 1095
51 1095
1002 1095
1095 1095
1096 1095
1103 1095
1105 1095
3913 1095
3914 1095
3915 1095
1095 1096
1096 1096
1097 1096
1098 1096
1101 1096
1102 1096
1106 1096
49 1097
1096 1097
1097 1097
1096 1098
1098 1098
1099 1098
1100 1098
1098 1099
1099 1099
1100 1099
1098 1100
1099 1100
1100 1100
1096 1101
1101 1101
1096 1102
1102 1102
1095 1103
1103 1103
1104 1103
1103 1104
1104 1104
1095 1105
1105 1105
45 1106
46 1106
47 1106
48 1106
49 1106
50 1106
51 1106
1002 1106
1096 1106
1106 1106
3913 1106
3914 1106
3915 1106
1107 1107
1108 1107
1110 1107
1112 1107
3915 1107
1107 1108
1108 1108
1109 1108
1110 1108
3915 1108
1108 1109
1109 1109
1107 1110
1108 1110
1110 1110
1111 1110
1112 1110
3915 1110
1110 1111
1111 1111
1107 1112
1110 1112
1112 1112
3915 1112
52 1118
1118 1118
52 1119
1119 1119
52 1120
1120 1120
52 1121
1121 1121
52 1122
1122 1122
52 1123
1123 1123
52 1124
1124 1124
1125 1124
1126 1124
1127 1124
1124 1125
1125 1125
1124 1126
1126 1126
1124 1127
1127 1127
52 1128
1128 1128
1129 1128
1128 1129
1129 1129
52 1130
1130 1130
52 1131
1131 1131
1132 1131
1133 1131
1134 1131
1131 1132
1132 1132
1131 1133
1133 1133
1131 1134
1134 1134
52 1135
1135 1135
52 1136
1136 1136
1137 1136
1136 1137
1137 1137
52 1138
1138 1138
52 1139
1139 1139
1140 1139
1139 1140
1140 1140
52 1141
1141 1141
52 1142
1142 1142
52 1143
1143 1143
52 1144
1144 1144
53 1145
1145 1145
1146 1145
53 1146
1145 1146
1146 1146
53 1147
1147 1147
53 1148
1148 1148
53 1149
1149 1149
53 1150
1150 1150
53 1151
1151 1151
53 1152
1152 1152
53 1153
1153 1153
53 1154
1154 1154
53 1155
1155 1155
53 1156
1156 1156
53 1157
1157 1157
1158 1157
1159 1157
1160 1157
1161 1157
1162 1157
1157 1158
1158 1158
1157 1159
1159 1159
1157 1160
1160 1160
1157 1161
1161 1161
1157 1162
1162 1162
53 1163
1163 1163
53 1164
1164 1164
53 1165
1165 1165
53 1166
1166 1166
1173 1166
54 1167
1167 1167
1168 1167
1167 1168
1168 1168
54 1169
1169 1169
54 1170
1170 1170
54 1171
1171 1171
54 1172
1172 1172
54 1173
1166 1173
1173 1173
290 1174
1174 1174
143 1175
144 1175
1175 1175
1638 1175
2085 1175
2087 1175
2088 1175
2089 1175
58 1206
1206 1206
1207 1206
1206 1207
1207 1207
63 1243
109 1243
160 1243
1243 1243
63 1244
1244 1244
63 1245
1245 1245
63 1246
1246 1246
1247 1246
1248 1246
1246 1247
1247 1247
1250 1247
63 1248
1246 1248
1248 1248
63 1249
1249 1249
63 1250
1247 1250
1250 1250
63 1251
1251 1251
63 1252
1252 1252
1253 1252
1254 1252
1252 1253
1253 1253
1252 1254
1254 1254
63 1255
1255 1255
63 1256
1256 1256
63 1257
1257 1257
63 1258
100 1258
114 1258
1258 1258
63 1259
1259 1259
64 1260
1260 1260
64 1261
1261 1261
1274 1261
64 1262
68 1262
1262 1262
1263 1262
1264 1262
1265 1262
1266 1262
1262 1263
1263 1263
1262 1264
1264 1264
1262 1265
1265 1265
1262 1266
1266 1266
64 1267
1267 1267
64 1268
242 1268
1268 1268
3042 1268
64 1269
1269 1269
64 1270
1270 1270
64 1271
240 1271
241 1271
1271 1271
64 1272
68 1272
1272 1272
64 1273
1273 1273
64 1274
1261 1274
1274 1274
64 1275
66 1275
67 1275
68 1275
1275 1275
1292 1275
66 1290
1290 1290
66 1291
1291 1291
1296 1291
66 1292
1275 1292
1292 1292
1293 1292
66 1293
1292 1293
1293 1293
66 1294
1294 1294
66 1295
1295 1295
66 1296
1291 1296
1296 1296
67 1297
68 1297
1297 1297
67 1298
68 1298
1298 1298
67 1299
1299 1299
68 1300
1300 1300
68 1301
1301 1301
69 1302
1302 1302
2547 1302
69 1303
1303 1303
69 1304
1304 1304
69 1305
1305 1305
69 1306
1306 1306
69 1307
1307 1307
69 1308
1308 1308
69 1309
1309 1309
70 1313
1313 1313
70 1314
1314 1314
70 1315
1315 1315
70 1316
1316 1316
1317 1316
1318 1316
1319 1316
1320 1316
1316 1317
1317 1317
1318 1317
1319 1317
1320 1317
129 1318
1316 1318
1317 1318
1318 1318
1316 1319
1317 1319
1319 1319
1316 1320
1317 1320
1320 1320
70 1321
1321 1321
70 1322
1322 1322
70 1323
1323 1323
70 1324
1324 1324
70 1325
1325 1325
70 1326
1326 1326
70 1327
1327 1327
70 1328
1328 1328
33 1329
238 1329
1329 1329
71 1330
1330 1330
899 1331
1331 1331
143 1332
899 1332
1332 1332
71 1333
1333 1333
71 1334
73 1334
1334 1334
71 1335
1335 1335
71 1336
143 1336
1336 1336
71 1337
1337 1337
71 1338
1338 1338
1339 1338
1338 1339
1339 1339
71 1340
1340 1340
71 1341
1341 1341
71 1342
1342 1342
71 1343
1343 1343
71 1344
1344 1344
71 1345
157 1345
1345 1345
1346 1345
1345 1346
1346 1346
71 1347
1347 1347
71 1348
1348 1348
71 1349
143 1349
1349 1349
71 1350
1350 1350
71 1351
1351 1351
71 1352
1352 1352
71 1353
72 1353
1353 1353
71 1354
1354 1354
71 1355
1355 1355
72 1356
1356 1356
1357 1356
1356 1357
1357 1357
72 1358
1358 1358
72 1359
1359 1359
73 1360
149 1360
1360 1360
73 1361
1361 1361
73 1362
1362 1362
73 1363
1363 1363
27 1364
1364 1364
74 1365
1365 1365
1366 1365
1367 1365
1368 1365
1369 1365
74 1366
151 1366
1365 1366
1366 1366
2180 1366
1365 1367
1367 1367
1365 1368
1368 1368
1365 1369
1369 1369
74 1370
1370 1370
1371 1370
1370 1371
1371 1371
74 1372
1372 1372
74 1373
1373 1373
74 1374
1374 1374
74 1375
1375 1375
74 1376
1376 1376
74 1377
1377 1377
76 1383
1383 1383
76 1384
1384 1384
76 1385
1385 1385
76 1386
1386 1386
76 1387
1387 1387
2127 1387
76 1388
1388 1388
2127 1388
76 1389
1389 1389
76 1390
1390 1390
77 1391
1391 1391
77 1392
1392 1392
77 1393
1393 1393
77 1394
1394 1394
77 1395
1395 1395
77 1396
1396 1396
77 1397
1397 1397
77 1398
1398 1398
77 1399
1399 1399
77 1400
1400 1400
77 1401
1401 1401
77 1402
1402 1402
77 1403
1403 1403
1404 1403
1405 1403
1406 1403
1403 1404
1404 1404
1403 1405
1405 1405
1403 1406
1406 1406
77 1407
1407 1407
77 1408
1408 1408
77 1409
1409 1409
77 1410
1410 1410
77 1411
1411 1411
77 1412
1412 1412
77 1414
1414 1414
77 1415
1415 1415
77 1416
1416 1416
77 1417
1417 1417
77 1418
1418 1418
77 1419
1419 1419
1420 1419
1421 1419
1419 1420
1420 1420
1419 1421
1421 1421
77 1422
1422 1422
77 1423
1423 1423
77 1424
1424 1424
77 1425
1425 1425
77 1426
1426 1426
77 1427
1427 1427
77 1428
1428 1428
77 1429
1429 1429
77 1430
1430 1430
77 1431
1431 1431
77 1432
1432 1432
77 1433
1433 1433
77 1434
1434 1434
77 1435
1435 1435
77 1436
1436 1436
1437 1436
1436 1437
1437 1437
77 1438
1438 1438
77 1439
1439 1439
77 1440
1440 1440
77 1441
1441 1441
77 1442
1442 1442
78 1443
1443 1443
78 1444
1444 1444
78 1445
1445 1445
1446 1445
1447 1445
1445 1446
1446 1446
1445 1447
1447 1447
78 1448
1448 1448
1449 1448
3920 1448
1448 1449
1449 1449
78 1450
1450 1450
78 1451
1451 1451
78 1452
1452 1452
1453 1452
1452 1453
1453 1453
78 1454
1454 1454
78 1455
1455 1455
78 1456
1456 1456
78 1457
1457 1457
78 1458
1458 1458
78 1459
1459 1459
78 1460
1460 1460
78 1461
1461 1461
78 1462
1462 1462
78 1463
1463 1463
78 1464
1464 1464
78 1465
1465 1465
78 1466
1466 1466
82 1482
1482 1482
82 1483
111 1483
1483 1483
82 1484
1484 1484
82 1485
1485 1485
82 1486
1486 1486
82 1487
1487 1487
82 1488
1488 1488
87 1537
1537 1537
87 1538
1538 1538
87 1539
1539 1539
96 1609
1609 1609
1610 1610
1623 1610
1611 1611
1623 1611
96 1612
1612 1612
96 1613
1613 1613
1614 1613
1613 1614
1614 1614
1615 1614
1616 1614
1614 1615
1615 1615
1614 1616
1616 1616
371 1617
1617 1617
96 1618
1618 1618
96 1619
1619 1619
96 1620
1620 1620
96 1621
1621 1621
96 1622
1622 1622
96 1623
1610 1623
1611 1623
1623 1623
96 1624
1624 1624
97 1625
1625 1625
1626 1625
1627 1625
1631 1625
1632 1625
1625 1626
1626 1626
1631 1626
1625 1627
1627 1627
1628 1627
1629 1627
1630 1627
1627 1628
1628 1628
1627 1629
1629 1629
322 1630
1627 1630
1630 1630
1625 1631
1626 1631
1631 1631
326 1632
1625 1632
1632 1632
1633 1632
1635 1632
1636 1632
1637 1632
1638 1632
1632 1633
1633 1633
1634 1633
1636 1633
1633 1634
1634 1634
1632 1635
1635 1635
1632 1636
1633 1636
1636 1636
3922 1636
1632 1637
1637 1637
1175 1638
1632 1638
1638 1638
97 1639
1639 1639
97 1640
1640 1640
97 1641
1641 1641
98 1642
1642 1642
98 1643
246 1643
1643 1643
3129 1643
3130 1643
3131 1643
3132 1643
3133 1643
3146 1643
99 1644
1644 1644
1645 1644
1646 1644
1647 1644
1644 1645
1645 1645
99 1646
1644 1646
1646 1646
99 1647
1644 1647
1647 1647
99 1648
584 1648
1648 1648
1649 1648
1650 1648
1651 1648
1648 1649
1649 1649
1648 1650
1650 1650
1648 1651
1651 1651
99 1652
1652 1652
100 1653
1653 1653
100 1654
1654 1654
1657 1654
3923 1654
100 1655
1655 1655
100 1656
1656 1656
100 1657
1654 1657
1657 1657
100 1658
1658 1658
100 1659
1659 1659
100 1660
1660 1660
1661 1660
1660 1661
1661 1661
100 1662
1662 1662
100 1663
114 1663
1663 1663
2980 1663
101 1664
1664 1664
101 1665
1665 1665
101 1666
311 1666
1666 1666
1667 1666
1668 1666
1666 1667
1667 1667
101 1668
1666 1668
1668 1668
101 1669
1669 1669
101 1670
143 1670
1670 1670
103 1675
1675 1675
3906 1675
103 1676
1676 1676
103 1677
221 1677
1677 1677
103 1678
1678 1678
1679 1678
2317 1678
1678 1679
1679 1679
103 1680
1680 1680
1681 1680
3941 1680
1680 1681
1681 1681
109 1708
1708 1708
109 1709
1709 1709
109 1710
1710 1710
109 1711
1711 1711
109 1712
1712 1712
109 1713
1713 1713
109 1714
1714 1714
109 1715
1715 1715
109 1716
1716 1716
109 1717
1717 1717
111 1726
1726 1726
111 1727
1727 1727
111 1728
1728 1728
111 1729
1729 1729
111 1730
1730 1730
111 1731
1731 1731
111 1732
1732 1732
111 1733
1733 1733
111 1734
1734 1734
111 1735
1735 1735
111 1736
129 1736
306 1736
1736 1736
111 1737
1737 1737
111 1738
1738 1738
111 1739
1739 1739
114 1750
1750 1750
114 1751
1751 1751
114 1752
1752 1752
114 1753
1753 1753
115 1754
123 1754
1754 1754
115 1755
123 1755
1755 1755
117 1762
1762 1762
117 1763
1763 1763
1764 1763
1763 1764
1764 1764
117 1765
1765 1765
117 1766
1766 1766
117 1767
1767 1767
117 1768
1768 1768
117 1769
1769 1769
117 1770
1770 1770
117 1771
1771 1771
123 1796
1796 1796
123 1797
1797 1797
123 1798
1798 1798
1799 1798
1798 1799
1799 1799
123 1800
1800 1800
123 1801
129 1801
1801 1801
1810 1801
123 1802
135 1802
1802 1802
1803 1802
1802 1803
1803 1803
123 1804
1804 1804
123 1805
1805 1805
123 1806
1806 1806
123 1807
1807 1807
123 1808
129 1808
141 1808
1808 1808
123 1809
129 1809
1809 1809
123 1810
129 1810
1801 1810
1810 1810
1811 1810
1810 1811
1811 1811
1964 1811
123 1812
124 1812
127 1812
1812 1812
1813 1812
238 1813
1812 1813
1813 1813
3990 1813
123 1814
127 1814
1814 1814
123 1815
127 1815
1815 1815
123 1816
129 1816
1816 1816
1817 1816
1816 1817
1817 1817
123 1818
1818 1818
123 1819
1819 1819
123 1820
1820 1820
124 1821
1821 1821
1822 1821
1823 1821
1821 1822
1822 1822
1821 1823
1823 1823
1936 1823
124 1824
1824 1824
124 1825
1825 1825
124 1826
1826 1826
1827 1826
1828 1826
1829 1826
1830 1826
1826 1827
1827 1827
3199 1827
1826 1828
1828 1828
3928 1828
1826 1829
1829 1829
1826 1830
1830 1830
124 1831
1831 1831
124 1832
1832 1832
125 1833
1833 1833
1834 1833
1835 1833
1836 1833
1837 1833
253 1834
1833 1834
1834 1834
1836 1834
1930 1834
3980 1834
1833 1835
1835 1835
125 1836
1833 1836
1834 1836
1836 1836
1833 1837
1837 1837
125 1838
1838 1838
125 1839
1839 1839
125 1840
1840 1840
125 1841
1841 1841
126 1842
1842 1842
126 1843
1843 1843
126 1844
241 1844
1844 1844
126 1845
1845 1845
126 1846
1846 1846
126 1847
1847 1847
126 1848
1848 1848
1849 1848
1850 1848
1851 1848
1848 1849
1849 1849
3929 1849
256 1850
1848 1850
1850 1850
3930 1850
1848 1851
1851 1851
126 1852
1852 1852
126 1853
1853 1853
126 1854
1854 1854
126 1855
1855 1855
126 1856
1856 1856
126 1857
1857 1857
126 1858
1858 1858
126 1859
1859 1859
126 1860
1860 1860
127 1861
129 1861
133 1861
1861 1861
127 1862
1862 1862
127 1863
1863 1863
127 1864
1864 1864
127 1865
1865 1865
127 1866
1866 1866
127 1867
1867 1867
127 1868
1868 1868
127 1869
1869 1869
127 1870
1870 1870
127 1871
1871 1871
127 1872
1872 1872
127 1873
1873 1873
127 1874
1874 1874
127 1875
1875 1875
127 1876
1876 1876
128 1877
1877 1877
128 1878
1878 1878
128 1879
1879 1879
128 1880
1880 1880
129 1881
130 1881
1881 1881
1882 1881
1883 1881
1884 1881
1885 1881
1881 1882
1882 1882
1881 1883
1883 1883
1881 1884
1884 1884
1881 1885
1885 1885
129 1886
1886 1886
3931 1886
129 1887
1887 1887
129 1888
1888 1888
129 1889
1889 1889
1890 1889
1889 1890
1890 1890
129 1891
1891 1891
129 1892
1892 1892
129 1893
1893 1893
129 1894
1894 1894
129 1895
1895 1895
129 1896
1896 1896
129 1897
1897 1897
129 1898
1898 1898
2992 1898
129 1899
244 1899
1899 1899
129 1900
300 1900
1900 1900
129 1901
1901 1901
129 1902
1902 1902
667 1903
1903 1903
129 1904
290 1904
1904 1904
129 1905
130 1905
1905 1905
1906 1905
1907 1905
1905 1906
1906 1906
3932 1906
3933 1906
1905 1907
1907 1907
129 1908
322 1908
1908 1908
129 1909
1909 1909
129 1910
1910 1910
3884 1910
129 1911
1911 1911
129 1912
1912 1912
129 1913
1913 1913
129 1914
1914 1914
129 1915
131 1915
1915 1915
1916 1915
1919 1915
1915 1916
1916 1916
129 1917
141 1917
1917 1917
129 1918
141 1918
1918 1918
130 1919
1915 1919
1919 1919
1920 1919
1921 1919
1923 1919
1924 1919
1925 1919
1926 1919
1919 1920
1920 1920
1919 1921
1921 1921
1922 1921
1921 1922
1922 1922
1919 1923
1923 1923
1924 1923
1919 1924
1923 1924
1924 1924
1919 1925
1925 1925
1919 1926
1926 1926
131 1927
1927 1927
131 1928
1928 1928
131 1929
1929 1929
131 1930
248 1930
254 1930
1834 1930
1930 1930
3235 1930
3236 1930
131 1931
253 1931
1931 1931
1932 1931
1931 1932
1932 1932
131 1933
244 1933
248 1933
1933 1933
3157 1933
3158 1933
131 1934
1934 1934
3869 1934
131 1935
248 1935
249 1935
1935 1935
1936 1935
1823 1936
1935 1936
1936 1936
3204 1936
131 1937
1937 1937
131 1938
1938 1938
132 1939
1939 1939
132 1940
1940 1940
132 1941
1941 1941
132 1942
243 1942
1942 1942
133 1943
1943 1943
133 1944
1944 1944
133 1945
1945 1945
133 1946
1946 1946
133 1947
241 1947
500 1947
1947 1947
1948 1947
1949 1947
1947 1948
1948 1948
3705 1948
1947 1949
1949 1949
133 1950
1950 1950
133 1951
1951 1951
133 1952
1952 1952
133 1953
1953 1953
134 1954
1954 1954
134 1955
1955 1955
134 1956
1956 1956
134 1957
1957 1957
134 1958
1958 1958
134 1959
1959 1959
134 1960
1960 1960
134 1961
1961 1961
135 1962
1962 1962
1963 1962
135 1963
1962 1963
1963 1963
135 1964
1811 1964
1964 1964
135 1965
1965 1965
135 1966
1966 1966
135 1967
1967 1967
3934 1967
135 1968
1968 1968
135 1969
136 1969
1969 1969
3238 1969
135 1970
1970 1970
136 1971
1971 1971
136 1972
1972 1972
136 1973
1973 1973
136 1974
1974 1974
136 1975
1975 1975
136 1976
1976 1976
136 1977
1977 1977
136 1978
1978 1978
136 1979
1979 1979
136 1980
1980 1980
136 1981
1981 1981
1982 1981
1981 1982
1982 1982
136 1983
1983 1983
136 1984
1984 1984
136 1985
1985 1985
139 2004
2004 2004
139 2005
2005 2005
141 2010
2010 2010
141 2011
2011 2011
2018 2011
141 2012
2012 2012
141 2013
2013 2013
141 2014
2014 2014
141 2015
2015 2015
141 2016
2016 2016
141 2017
2017 2017
141 2018
2011 2018
2018 2018
2019 2019
3143 2019
3910 2019
2020 2020
3143 2020
3910 2020
143 2023
2023 2023
143 2024
2024 2024
143 2025
2025 2025
143 2026
2026 2026
143 2027
2027 2027
143 2028
2028 2028
143 2029
2029 2029
143 2030
2030 2030
143 2031
2031 2031
143 2032
145 2032
2032 2032
2033 2032
2034 2032
2035 2032
145 2033
2032 2033
2033 2033
2032 2034
2034 2034
2032 2035
2035 2035
143 2036
145 2036
2036 2036
143 2037
145 2037
2037 2037
2113 2037
143 2038
145 2038
2038 2038
143 2039
145 2039
2039 2039
143 2040
145 2040
2040 2040
2104 2040
143 2041
145 2041
2041 2041
143 2042
2042 2042
2109 2042
143 2043
2043 2043
2044 2043
322 2044
2043 2044
2044 2044
143 2045
149 2045
2045 2045
143 2046
2046 2046
143 2047
2047 2047
2048 2047
2047 2048
2048 2048
143 2049
2049 2049
143 2050
2050 2050
143 2051
2051 2051
143 2052
2052 2052
143 2053
2053 2053
143 2054
2054 2054
143 2055
2055 2055
143 2056
2056 2056
143 2057
2057 2057
143 2058
2058 2058
143 2059
2059 2059
143 2060
2060 2060
143 2061
2061 2061
143 2062
165 2062
2062 2062
143 2063
164 2063
2063 2063
143 2064
2064 2064
143 2065
145 2065
2065 2065
143 2066
2066 2066
143 2067
2067 2067
143 2068
2068 2068
143 2069
2069 2069
2070 2069
2069 2070
2070 2070
143 2071
2071 2071
143 2072
193 2072
2072 2072
143 2073
2073 2073
143 2074
2074 2074
2075 2074
2076 2074
2074 2075
2075 2075
2074 2076
2076 2076
143 2077
2077 2077
143 2078
2078 2078
143 2079
2079 2079
143 2080
2080 2080
143 2081
145 2081
2081 2081
143 2082
145 2082
2082 2082
143 2083
145 2083
2083 2083
1175 2085
2085 2085
2086 2085
2085 2086
2086 2086
1175 2087
2087 2087
1175 2088
2088 2088
1175 2089
2089 2089
144 2090
2090 2090
144 2091
2091 2091
144 2092
2092 2092
2096 2092
144 2093
2093 2093
144 2094
2094 2094
144 2095
2095 2095
144 2096
2092 2096
2096 2096
144 2097
2097 2097
144 2098
2098 2098
144 2099
2099 2099
144 2100
2100 2100
144 2101
2101 2101
144 2102
2102 2102
144 2103
2103 2103
145 2104
2040 2104
2104 2104
145 2105
2105 2105
145 2106
2106 2106
145 2107
2107 2107
145 2108
2108 2108
145 2109
2042 2109
2109 2109
145 2110
2110 2110
145 2111
2111 2111
145 2112
2112 2112
145 2113
2037 2113
2113 2113
146 2114
2114 2114
2115 2114
2116 2114
2114 2115
2115 2115
2114 2116
2116 2116
146 2117
2117 2117
146 2118
2118 2118
146 2119
2119 2119
146 2120
2120 2120
146 2121
2121 2121
146 2122
2122 2122
146 2123
2123 2123
146 2124
2124 2124
146 2125
2125 2125
146 2126
2126 2126
146 2127
1387 2127
1388 2127
2127 2127
147 2128
2128 2128
2135 2128
2136 2128
147 2129
2129 2129
2136 2129
147 2130
2130 2130
147 2131
2131 2131
147 2132
2132 2132
147 2133
2133 2133
147 2134
2134 2134
322 2135
2128 2135
2135 2135
322 2136
2128 2136
2129 2136
2136 2136
149 2159
2159 2159
149 2160
2160 2160
149 2161
2161 2161
149 2162
2162 2162
149 2163
2163 2163
149 2164
2164 2164
149 2165
2165 2165
149 2166
2166 2166
149 2167
2167 2167
149 2168
2168 2168
149 2169
2169 2169
149 2170
2170 2170
151 2176
152 2176
2176 2176
151 2177
2177 2177
151 2178
2178 2178
151 2179
2179 2179
151 2180
1366 2180
2180 2180
151 2181
2181 2181
151 2182
2182 2182
152 2183
2183 2183
152 2184
2184 2184
152 2186
2186 2186
152 2187
2187 2187
152 2188
2188 2188
152 2189
2189 2189
2190 2189
2189 2190
2190 2190
152 2191
2191 2191
152 2192
2192 2192
152 2193
2193 2193
152 2194
2194 2194
152 2195
2195 2195
152 2196
2196 2196
152 2197
2197 2197
154 2205
2205 2205
154 2206
2206 2206
154 2207
2207 2207
154 2208
2208 2208
154 2209
2209 2209
157 2225
2225 2225
2226 2225
3946 2225
2225 2226
2226 2226
160 2244
2244 2244
160 2245
2245 2245
160 2246
2246 2246
160 2247
2247 2247
160 2248
2248 2248
160 2249
2249 2249
160 2250
2250 2250
160 2251
2251 2251
2252 2251
3097 2251
2251 2252
2252 2252
160 2253
2253 2253
160 2254
2254 2254
160 2255
254 2255
2255 2255
160 2256
2256 2256
160 2257
2257 2257
160 2258
2258 2258
160 2259
2259 2259
160 2260
2260 2260
160 2261
2261 2261
160 2262
2262 2262
160 2263
2263 2263
161 2264
2264 2264
161 2265
2265 2265
161 2266
2266 2266
2277 2277
2318 2277
1678 2317
2317 2317
2318 2317
2788 2317
2789 2317
2790 2317
2791 2317
2792 2317
2277 2318
2317 2318
2318 2318
2791 2318
2792 2318
240 2319
2319 2319
164 2329
2329 2329
164 2330
2330 2330
164 2331
2331 2331
164 2332
2332 2332
164 2333
2333 2333
164 2334
2334 2334
164 2335
2335 2335
164 2336
2336 2336
164 2337
2337 2337
164 2338
2338 2338
164 2339
2339 2339
164 2340
2340 2340
164 2341
2341 2341
164 2342
2342 2342
164 2343
2343 2343
165 2344
2344 2344
165 2345
2345 2345
165 2346
2346 2346
193 2479
2479 2479
193 2480
2480 2480
193 2481
2481 2481
193 2482
2482 2482
2493 2493
3563 2493
58 2547
69 2547
206 2547
1302 2547
2547 2547
2548 2547
2549 2547
2551 2547
2552 2547
2553 2547
2554 2547
2555 2547
2556 2547
2557 2547
2558 2547
2559 2547
2560 2547
2561 2547
2562 2547
2566 2547
2568 2547
2569 2547
2570 2547
2571 2547
2572 2547
2573 2547
2574 2547
2575 2547
2576 2547
2577 2547
2578 2547
2579 2547
2580 2547
2582 2547
2583 2547
2584 2547
3955 2547
2547 2548
2548 2548
2547 2549
2549 2549
2550 2549
2549 2550
2550 2550
2547 2551
2551 2551
2547 2552
2552 2552
2547 2553
2553 2553
2547 2554
2554 2554
207 2555
2547 2555
2555 2555
2547 2556
2556 2556
2547 2557
2557 2557
2547 2558
2558 2558
208 2559
2547 2559
2559 2559
208 2560
2547 2560
2560 2560
2547 2561
2561 2561
2547 2562
2562 2562
2563 2562
2564 2562
2565 2562
2583 2562
2562 2563
2563 2563
2562 2564
2564 2564
2566 2564
2562 2565
2565 2565
2547 2566
2564 2566
2566 2566
2567 2566
2566 2567
2567 2567
2547 2568
2568 2568
2547 2569
2569 2569
2547 2570
2570 2570
2547 2571
2571 2571
2547 2572
2572 2572
2547 2573
2573 2573
2547 2574
2574 2574
2547 2575
2575 2575
2547 2576
2576 2576
2547 2577
2577 2577
2547 2578
2578 2578
2547 2579
2579 2579
2580 2579
2581 2579
2547 2580
2579 2580
2580 2580
2579 2581
2581 2581
2547 2582
2582 2582
2547 2583
2562 2583
2583 2583
2547 2584
2584 2584
3295 2584
3955 2584
206 2585
2585 2585
2586 2585
3955 2585
151 2586
2585 2586
2586 2586
2587 2586
2588 2586
2589 2586
2590 2586
2591 2586
2592 2586
2593 2586
2594 2586
2595 2586
2596 2586
2597 2586
2598 2586
2599 2586
2600 2586
2601 2586
2602 2586
2603 2586
2604 2586
2605 2586
2606 2586
2607 2586
2608 2586
2609 2586
2610 2586
2611 2586
2586 2587
2587 2587
2586 2588
2588 2588
2586 2589
2589 2589
2586 2590
2590 2590
2586 2591
2591 2591
2586 2592
2592 2592
2586 2593
2593 2593
2586 2594
2594 2594
2586 2595
2595 2595
2586 2596
2596 2596
2586 2597
2597 2597
2586 2598
2598 2598
2586 2599
2599 2599
2586 2600
2600 2600
2586 2601
2601 2601
2586 2602
2602 2602
2586 2603
2603 2603
2586 2604
2604 2604
2586 2605
2605 2605
2586 2606
2606 2606
2586 2607
2607 2607
2586 2608
2608 2608
2586 2609
2609 2609
2586 2610
2610 2610
2586 2611
2611 2611
207 2612
2612 2612
2613 2612
2612 2613
2613 2613
207 2614
212 2614
2614 2614
207 2615
2615 2615
207 2616
2616 2616
207 2617
214 2617
2617 2617
207 2618
2618 2618
207 2619
2619 2619
207 2620
210 2620
2620 2620
207 2621
214 2621
2621 2621
2622 2621
2621 2622
2622 2622
2623 2622
2622 2623
2623 2623
207 2624
2624 2624
207 2625
2625 2625
2626 2625
2625 2626
2626 2626
207 2627
2627 2627
207 2628
2628 2628
2629 2628
2628 2629
2629 2629
207 2630
2630 2630
207 2631
2631 2631
207 2632
2632 2632
207 2633
2633 2633
207 2634
2634 2634
207 2635
2635 2635
208 2636
2636 2636
208 2637
2637 2637
208 2638
2638 2638
208 2639
2639 2639
208 2640
2640 2640
208 2641
2641 2641
208 2642
2642 2642
208 2643
2643 2643
208 2644
2644 2644
208 2645
2645 2645
208 2646
2646 2646
208 2647
2647 2647
208 2648
2648 2648
208 2649
2649 2649
208 2650
2650 2650
2651 2650
2652 2650
2653 2650
2650 2651
2651 2651
2650 2652
2652 2652
2650 2653
2653 2653
208 2654
2654 2654
208 2655
2655 2655
208 2656
2656 2656
208 2657
2657 2657
208 2658
2658 2658
2664 2658
208 2659
2659 2659
208 2660
2660 2660
208 2661
2661 2661
208 2662
2662 2662
208 2663
2663 2663
208 2664
2658 2664
2664 2664
210 2687
2687 2687
210 2688
2688 2688
210 2689
2689 2689
210 2690
2690 2690
210 2691
2691 2691
210 2692
2692 2692
210 2693
2693 2693
210 2694
2694 2694
210 2695
2695 2695
210 2696
2696 2696
210 2697
2697 2697
210 2698
2698 2698
210 2699
2699 2699
210 2700
2700 2700
210 2701
2701 2701
210 2702
2702 2702
210 2703
2703 2703
210 2704
2704 2704
210 2705
2705 2705
210 2706
2706 2706
210 2707
2707 2707
210 2708
2708 2708
210 2709
2709 2709
210 2710
2710 2710
210 2711
2711 2711
210 2712
2712 2712
210 2713
2713 2713
210 2714
2714 2714
210 2715
2715 2715
210 2716
2716 2716
210 2717
2717 2717
210 2718
2718 2718
212 2728
2728 2728
212 2729
2729 2729
212 2730
2730 2730
212 2731
2731 2731
212 2732
2732 2732
212 2733
2733 2733
212 2734
2734 2734
214 2746
2746 2746
2747 2746
2749 2746
2746 2747
2747 2747
2748 2747
2747 2748
2748 2748
2746 2749
2749 2749
214 2750
2750 2750
2751 2750
2752 2750
2750 2751
2751 2751
2752 2751
2750 2752
2751 2752
2752 2752
214 2753
2753 2753
214 2754
2754 2754
214 2755
2755 2755
214 2756
2756 2756
214 2757
2757 2757
221 2787
2787 2787
2317 2788
2788 2788
2792 2788
2317 2789
2789 2789
2791 2789
2792 2789
2317 2790
2790 2790
2791 2790
2792 2790
2317 2791
2318 2791
2789 2791
2790 2791
2791 2791
2792 2791
2317 2792
2318 2792
2788 2792
2789 2792
2790 2792
2791 2792
2792 2792
233 2931
2931 2931
233 2932
2932 2932
233 2933
2933 2933
238 2966
2966 2966
238 2967
2967 2967
238 2968
2968 2968
3993 2968
239 2969
2969 2969
239 2970
2970 2970
239 2971
2971 2971
239 2972
2972 2972
239 2973
2973 2973
239 2974
2974 2974
239 2975
2975 2975
239 2976
2976 2976
239 2977
260 2977
2977 2977
3284 2977
3285 2977
3286 2977
241 2978
2978 2978
2979 2978
241 2979
2978 2979
2979 2979
241 2980
1663 2980
2980 2980
2981 2980
2982 2980
2983 2980
2984 2980
2980 2981
2981 2981
2980 2982
2982 2982
2980 2983
2983 2983
2980 2984
2984 2984
241 2985
2985 2985
2986 2985
2985 2986
2986 2986
241 2987
2987 2987
241 2988
2988 2988
241 2989
2989 2989
241 2990
2990 2990
241 2991
2991 2991
241 2992
1898 2992
2992 2992
2993 2992
2994 2992
2995 2992
3869 2992
3871 2992
3998 2992
2992 2993
2993 2993
2992 2994
2994 2994
253 2995
2992 2995
2995 2995
3212 2995
3213 2995
3963 2995
241 2996
2996 2996
241 2997
2997 2997
2998 2997
2997 2998
2998 2998
2999 2999
3000 2999
3100 2999
3994 2999
2999 3000
3000 3000
3001 3001
3994 3001
241 3002
3002 3002
241 3003
3003 3003
241 3004
3004 3004
241 3005
3005 3005
242 3006
3006 3006
242 3007
253 3007
3007 3007
3965 3007
242 3008
3008 3008
242 3009
3009 3009
242 3010
3010 3010
242 3011
3011 3011
242 3012
3012 3012
242 3013
3013 3013
242 3014
3014 3014
242 3015
3015 3015
242 3016
3016 3016
242 3017
3017 3017
242 3018
3018 3018
242 3019
3019 3019
242 3020
3020 3020
242 3021
3021 3021
242 3022
3022 3022
242 3023
3023 3023
242 3024
3024 3024
242 3025
3025 3025
242 3026
253 3026
3026 3026
3215 3026
242 3027
253 3027
3027 3027
242 3028
3028 3028
242 3029
3029 3029
242 3030
3030 3030
3031 3030
3030 3031
3031 3031
3524 3031
242 3032
3032 3032
242 3033
3033 3033
242 3034
3034 3034
242 3035
3035 3035
242 3036
3036 3036
242 3037
3037 3037
242 3038
3038 3038
242 3039
3039 3039
242 3040
3040 3040
242 3041
3041 3041
242 3042
1268 3042
3042 3042
242 3043
3043 3043
242 3044
3044 3044
242 3045
3045 3045
242 3046
3046 3046
242 3047
3047 3047
3215 3047
242 3048
3048 3048
242 3049
3049 3049
243 3050
3050 3050
243 3051
3051 3051
3052 3051
3051 3052
3052 3052
243 3053
3053 3053
243 3054
3054 3054
243 3055
3055 3055
243 3056
3056 3056
243 3057
3057 3057
243 3058
3058 3058
243 3059
3059 3059
243 3060
3060 3060
243 3061
3061 3061
243 3062
3062 3062
243 3063
3063 3063
243 3064
3064 3064
243 3065
3065 3065
243 3066
3066 3066
243 3067
3067 3067
243 3068
3068 3068
243 3069
3069 3069
244 3070
3070 3070
244 3071
3071 3071
244 3072
3072 3072
244 3073
3073 3073
3074 3073
3073 3074
3074 3074
244 3075
3075 3075
244 3076
3076 3076
3087 3076
244 3077
3077 3077
3078 3077
3077 3078
3078 3078
244 3079
3079 3079
244 3080
3080 3080
244 3081
3081 3081
244 3082
3082 3082
244 3083
3083 3083
244 3084
3084 3084
3085 3084
3084 3085
3085 3085
244 3086
3086 3086
244 3087
3076 3087
3087 3087
3088 3087
3089 3087
3087 3088
3088 3088
3087 3089
3089 3089
244 3090
248 3090
3090 3090
3164 3090
3165 3090
244 3091
3091 3091
244 3092
3092 3092
244 3093
3093 3093
244 3094
3094 3094
244 3095
3095 3095
244 3096
3096 3096
244 3097
2251 3097
3097 3097
3098 3097
3099 3097
3097 3098
3098 3098
3097 3099
3099 3099
244 3100
782 3100
2999 3100
3100 3100
3101 3100
3102 3100
3103 3100
3104 3100
3100 3101
3101 3101
274 3102
3100 3102
3102 3102
3100 3103
3103 3103
3100 3104
3104 3104
244 3105
3105 3105
245 3106
249 3106
3106 3106
3107 3106
3108 3106
3109 3106
3110 3106
249 3107
3106 3107
3107 3107
3106 3108
3108 3108
3180 3108
249 3109
3106 3109
3109 3109
249 3110
3106 3110
3110 3110
245 3111
3111 3111
245 3112
3112 3112
245 3113
3113 3113
245 3114
3114 3114
3115 3114
3114 3115
3115 3115
245 3116
3116 3116
245 3117
3117 3117
245 3118
3118 3118
245 3119
3119 3119
3958 3119
245 3120
3120 3120
245 3121
3121 3121
245 3122
3122 3122
245 3123
3123 3123
245 3124
3124 3124
246 3125
3125 3125
246 3126
3126 3126
3127 3126
3128 3126
3126 3127
3127 3127
255 3128
256 3128
322 3128
3126 3128
3128 3128
246 3129
1643 3129
3129 3129
3131 3129
1643 3130
3130 3130
1643 3131
3129 3131
3131 3131
1643 3132
3132 3132
1643 3133
3133 3133
246 3134
686 3134
3134 3134
246 3135
3135 3135
246 3136
3136 3136
246 3137
248 3137
3137 3137
3138 3137
246 3138
3137 3138
3138 3138
246 3139
3139 3139
246 3140
3140 3140
3141 3140
3142 3140
3140 3141
3141 3141
3140 3142
3142 3142
246 3143
2019 3143
2020 3143
3143 3143
3144 3143
3145 3143
3143 3144
3144 3144
3910 3144
3143 3145
3145 3145
246 3146
1643 3146
3146 3146
3147 3146
3146 3147
3147 3147
248 3155
3155 3155
248 3156
3156 3156
1933 3157
3157 3157
1933 3158
3158 3158
248 3159
3159 3159
3160 3159
3161 3159
3159 3160
3160 3160
3159 3161
3161 3161
248 3162
3162 3162
248 3163
3163 3163
3090 3164
3164 3164
3165 3164
3166 3164
255 3165
3090 3165
3164 3165
3165 3165
248 3166
3164 3166
3166 3166
3167 3166
3166 3167
3167 3167
3206 3167
249 3168
3168 3168
3169 3168
249 3169
251 3169
3168 3169
3169 3169
3177 3169
249 3170
3170 3170
250 3171
3171 3171
250 3172
3172 3172
3206 3172
250 3173
3173 3173
251 3177
3169 3177
3177 3177
251 3178
3178 3178
251 3179
3179 3179
3180 3179
251 3180
3108 3180
3179 3180
3180 3180
3181 3180
3995 3180
3180 3181
3181 3181
3959 3181
251 3182
3182 3182
251 3183
3183 3183
3184 3183
3183 3184
3184 3184
251 3185
3185 3185
251 3186
3186 3186
1827 3199
3199 3199
322 3202
3202 3202
3873 3202
3874 3202
3875 3202
3203 3203
3869 3203
1936 3204
3204 3204
249 3206
3167 3206
3172 3206
3206 3206
298 3207
3207 3207
298 3208
3208 3208
962 3209
3209 3209
3524 3209
3210 3210
3524 3210
253 3211
3211 3211
2995 3212
3212 3212
2995 3213
3213 3213
253 3214
3214 3214
253 3215
3026 3215
3047 3215
3215 3215
253 3216
3216 3216
3964 3216
253 3217
3217 3217
3966 3217
253 3218
3218 3218
253 3219
305 3219
307 3219
3219 3219
253 3220
267 3220
3220 3220
3221 3221
3980 3221
3222 3222
3980 3222
3223 3223
3980 3223
3224 3224
3980 3224
3225 3225
3980 3225
254 3226
3226 3226
254 3227
3227 3227
254 3228
3228 3228
254 3229
3229 3229
254 3230
3230 3230
254 3231
3231 3231
3233 3231
254 3232
3232 3232
3231 3233
3233 3233
254 3234
3234 3234
1930 3235
3235 3235
3236 3235
1930 3236
3235 3236
3236 3236
254 3237
3237 3237
254 3238
1969 3238
3238 3238
3239 3238
3238 3239
3239 3239
254 3240
3240 3240
3241 3240
3240 3241
3241 3241
254 3242
3242 3242
254 3243
3243 3243
3244 3243
3245 3243
3246 3243
3243 3244
3244 3244
3243 3245
3245 3245
3243 3246
3246 3246
255 3247
3247 3247
256 3248
3248 3248
256 3249
3249 3249
3250 3249
3249 3250
3250 3250
260 3271
3271 3271
3272 3271
3273 3271
3274 3271
3278 3271
3271 3272
3272 3272
3271 3273
3273 3273
3271 3274
3274 3274
260 3275
3275 3275
260 3276
3276 3276
260 3277
3277 3277
3278 3277
260 3278
3271 3278
3277 3278
3278 3278
3279 3278
3280 3278
3281 3278
3278 3279
3279 3279
3278 3280
3280 3280
3278 3281
3281 3281
33 3282
3282 3282
260 3283
3283 3283
2977 3284
3284 3284
2977 3285
3285 3285
2977 3286
3286 3286
262 3288
3288 3288
262 3289
3289 3289
262 3290
3290 3290
262 3291
3291 3291
260 3292
3292 3292
260 3295
2584 3295
3295 3295
267 3359
3359 3359
267 3360
3360 3360
274 3401
3401 3401
274 3402
3402 3402
274 3403
3403 3403
274 3404
3404 3404
274 3405
3405 3405
274 3406
3406 3406
274 3407
3407 3407
274 3408
3408 3408
274 3409
3409 3409
274 3410
3410 3410
274 3411
3411 3411
274 3412
3412 3412
274 3413
3413 3413
274 3414
3414 3414
274 3415
3415 3415
274 3416
3416 3416
274 3417
3417 3417
274 3418
3418 3418
274 3419
3419 3419
274 3420
3420 3420
274 3421
3421 3421
274 3422
3422 3422
274 3423
3423 3423
274 3424
3424 3424
274 3425
3425 3425
274 3426
3426 3426
253 3524
3031 3524
3209 3524
3210 3524
3524 3524
290 3548
291 3548
3548 3548
3550 3548
290 3549
291 3549
3549 3549
3550 3549
3548 3550
3549 3550
3550 3550
290 3551
3551 3551
3573 3551
290 3552
3552 3552
290 3553
3553 3553
290 3554
3554 3554
290 3555
3555 3555
290 3556
3556 3556
290 3557
3557 3557
3558 3557
290 3558
3557 3558
3558 3558
3559 3558
3560 3558
3561 3558
3573 3558
3558 3559
3559 3559
3558 3560
3560 3560
3558 3561
3561 3561
290 3562
3562 3562
290 3563
2493 3563
3563 3563
3625 3563
290 3564
3564 3564
290 3565
3565 3565
290 3566
3566 3566
290 3567
298 3567
3567 3567
290 3568
298 3568
3568 3568
3634 3568
290 3569
3569 3569
290 3570
3570 3570
290 3571
3571 3571
290 3572
3572 3572
290 3573
291 3573
3551 3573
3558 3573
3573 3573
290 3574
3574 3574
290 3575
3575 3575
290 3576
3576 3576
290 3577
3577 3577
290 3578
3578 3578
291 3579
3579 3579
291 3580
3580 3580
291 3581
3581 3581
291 3582
3582 3582
291 3583
3583 3583
291 3584
3584 3584
291 3585
3585 3585
291 3586
3586 3586
291 3587
3587 3587
291 3588
296 3588
3588 3588
291 3589
3589 3589
291 3590
3590 3590
291 3591
3591 3591
291 3592
3592 3592
291 3593
3593 3593
291 3594
3594 3594
291 3595
296 3595
3595 3595
291 3596
3596 3596
291 3597
3597 3597
291 3598
3598 3598
291 3599
3599 3599
292 3600
3600 3600
3601 3600
3602 3600
3600 3601
3601 3601
3600 3602
3602 3602
292 3603
3603 3603
292 3604
3604 3604
292 3605
3605 3605
292 3606
3606 3606
293 3607
3607 3607
293 3608
3608 3608
293 3609
3609 3609
294 3610
3610 3610
294 3611
3611 3611
294 3612
295 3612
3612 3612
294 3613
3613 3613
294 3614
3614 3614
294 3615
3615 3615
294 3616
3616 3616
294 3617
3617 3617
295 3618
3618 3618
295 3619
3619 3619
295 3620
296 3620
3620 3620
295 3621
3621 3621
295 3622
3622 3622
296 3623
3623 3623
296 3624
3624 3624
297 3625
3563 3625
3625 3625
3626 3625
3627 3625
3625 3626
3626 3626
3625 3627
3627 3627
3730 3627
298 3628
3628 3628
298 3629
3629 3629
298 3630
3630 3630
298 3631
3631 3631
298 3632
3632 3632
298 3633
3633 3633
298 3634
3568 3634
3634 3634
300 3648
3648 3648
300 3649
3649 3649
3650 3649
3651 3649
3649 3650
3650 3650
3649 3651
3651 3651
300 3652
3652 3652
300 3653
3653 3653
3654 3653
3653 3654
3654 3654
300 3655
3655 3655
300 3656
3656 3656
301 3657
3657 3657
301 3658
3658 3658
301 3659
3659 3659
301 3660
3660 3660
301 3661
3661 3661
301 3662
3662 3662
301 3663
3663 3663
3664 3663
3663 3664
3664 3664
1948 3705
3705 3705
305 3712
3712 3712
305 3713
3713 3713
305 3714
3714 3714
305 3715
306 3715
3715 3715
306 3716
3716 3716
306 3717
3717 3717
305 3718
306 3718
3718 3718
305 3719
306 3719
3719 3719
306 3720
3720 3720
305 3721
306 3721
3721 3721
306 3722
3722 3722
305 3723
307 3723
3723 3723
3997 3723
305 3724
307 3724
3724 3724
305 3725
307 3725
3725 3725
305 3726
307 3726
3726 3726
308 3727
3727 3727
308 3728
3728 3728
308 3729
3729 3729
309 3730
3627 3730
3730 3730
3731 3730
3730 3731
3731 3731
309 3732
3732 3732
309 3733
3733 3733
3734 3733
3735 3733
3736 3733
3733 3734
3734 3734
3733 3735
3735 3735
3733 3736
3736 3736
3739 3736
309 3737
3737 3737
309 3738
3738 3738
309 3739
3736 3739
3739 3739
3740 3739
3739 3740
3740 3740
309 3741
3741 3741
309 3742
3742 3742
311 3752
3752 3752
311 3753
3753 3753
3974 3753
318 3825
3825 3825
318 3826
3826 3826
3827 3826
3826 3827
3827 3827
318 3828
3828 3828
318 3829
3829 3829
318 3830
3830 3830
318 3831
3831 3831
318 3832
3832 3832
318 3833
3833 3833
318 3834
3834 3834
318 3835
3835 3835
318 3836
3836 3836
318 3837
3837 3837
320 3841
3841 3841
3975 3841
320 3842
3842 3842
320 3843
3843 3843
320 3844
3844 3844
320 3845
3845 3845
320 3846
3846 3846
320 3847
3847 3847
320 3848
3848 3848
320 3849
3849 3849
320 3850
3850 3850
320 3851
3851 3851
322 3860
3860 3860
3861 3860
3863 3860
3864 3860
3872 3860
3860 3861
3861 3861
3862 3861
3863 3861
3861 3862
3862 3862
3860 3863
3861 3863
3863 3863
3860 3864
3864 3864
322 3865
3865 3865
322 3866
3866 3866
322 3867
3867 3867
322 3868
3868 3868
37 3869
322 3869
1934 3869
2992 3869
3203 3869
3869 3869
3870 3869
3869 3870
3870 3870
2992 3871
3871 3871
322 3872
3860 3872
3872 3872
3202 3873
3873 3873
3202 3874
3874 3874
3202 3875
3875 3875
322 3876
3876 3876
3877 3876
3878 3876
3876 3877
3877 3877
3876 3878
3878 3878
322 3879
3879 3879
322 3880
3880 3880
322 3881
3881 3881
538 3882
3882 3882
538 3883
3883 3883
322 3884
1910 3884
3884 3884
322 3885
3885 3885
323 3886
3886 3886
323 3887
3887 3887
323 3888
3888 3888
323 3889
3889 3889
323 3890
3890 3890
15 3905
3905 3905
663 3906
1675 3906
3906 3906
683 3907
3907 3907
800 3909
3909 3909
141 3910
246 3910
2019 3910
2020 3910
3144 3910
3910 3910
870 3911
3911 3911
41 3912
3912 3912
47 3913
1007 3913
1095 3913
1106 3913
3913 3913
1095 3914
1106 3914
3914 3914
1095 3915
1106 3915
1107 3915
1108 3915
1110 3915
1112 3915
3915 3915
58 3916
3916 3916
305 3918
3918 3918
359 3920
1448 3920
3920 3920
1636 3922
3922 3922
1654 3923
3923 3923
1828 3928
3928 3928
1849 3929
3929 3929
1850 3930
3930 3930
1886 3931
3931 3931
1906 3932
3932 3932
1906 3933
3933 3933
1967 3934
3934 3934
15 3936
3936 3936
77 3937
3937 3937
77 3938
3938 3938
77 3939
3939 3939
1680 3941
3941 3941
114 3943
3943 3943
127 3944
3944 3944
136 3945
3945 3945
2225 3946
3946 3946
161 3953
3953 3953
161 3954
3954 3954
2547 3955
2584 3955
2585 3955
3955 3955
3119 3958
3958 3958
3181 3959
3959 3959
2995 3963
3963 3963
3216 3964
3964 3964
3007 3965
3965 3965
3217 3966
3966 3966
294 3973
3973 3973
3753 3974
3974 3974
3841 3975
3975 3975
141 3977
3977 3977
1834 3980
3221 3980
3222 3980
3223 3980
3224 3980
3225 3980
3980 3980
10 3981
3981 3981
14 3983
432 3983
434 3983
3983 3983
305 3985
3985 3985
305 3986
3986 3986
305 3987
3987 3987
305 3988
3988 3988
1813 3990
3990 3990
2968 3993
3993 3993
240 3994
241 3994
2999 3994
3001 3994
3994 3994
3180 3995
3995 3995
3723 3997
3997 3997
2992 3998
3998 3998
322 3999
3999 3999
300 4000
4000 4000
306 4001
4001 4001
323 4004
4004 4004
4005 4004
4004 4005
4005 4005
323 4006
4006 4006
254 4007
4007 4007
136 4008
4008 4008
