1 1
2 1
517 1
519 1
1 2
2 2
518 2
520 2
3 3
4 3
517 3
519 3
3 4
4 4
518 4
520 4
5 5
6 5
517 5
519 5
5 6
6 6
518 6
520 6
7 7
8 7
517 7
521 7
7 8
8 8
518 8
522 8
9 9
10 9
517 9
523 9
9 10
10 10
518 10
524 10
11 11
12 11
517 11
523 11
11 12
12 12
518 12
524 12
13 13
14 13
517 13
523 13
13 14
14 14
518 14
524 14
15 15
16 15
521 15
525 15
15 16
16 16
522 16
526 16
17 17
18 17
521 17
525 17
17 18
18 18
522 18
526 18
19 19
20 19
525 19
527 19
19 20
20 20
526 20
528 20
21 21
22 21
525 21
527 21
21 22
22 22
526 22
528 22
23 23
24 23
523 23
525 23
23 24
24 24
524 24
526 24
25 25
26 25
529 25
531 25
25 26
26 26
530 26
532 26
27 27
28 27
529 27
531 27
27 28
28 28
530 28
532 28
29 29
30 29
529 29
533 29
29 30
30 30
530 30
534 30
31 31
32 31
529 31
535 31
31 32
32 32
530 32
536 32
33 33
34 33
529 33
535 33
33 34
34 34
530 34
536 34
35 35
36 35
529 35
535 35
35 36
36 36
530 36
536 36
37 37
38 37
537 37
539 37
37 38
38 38
538 38
540 38
39 39
40 39
537 39
539 39
39 40
40 40
538 40
540 40
41 41
42 41
541 41
543 41
41 42
42 42
542 42
544 42
43 43
44 43
541 43
543 43
43 44
44 44
542 44
544 44
45 45
46 45
537 45
545 45
45 46
46 46
538 46
546 46
47 47
48 47
537 47
547 47
47 48
48 48
538 48
548 48
49 49
50 49
549 49
551 49
49 50
50 50
550 50
552 50
51 51
52 51
547 51
549 51
51 52
52 52
548 52
550 52
53 53
54 53
549 53
553 53
53 54
54 54
550 54
554 54
55 55
56 55
549 55
553 55
55 56
56 56
550 56
554 56
57 57
58 57
521 57
555 57
57 58
58 58
522 58
556 58
59 59
60 59
521 59
555 59
59 60
60 60
522 60
556 60
61 61
62 61
555 61
557 61
61 62
62 62
556 62
558 62
63 63
64 63
559 63
561 63
63 64
64 64
560 64
562 64
65 65
66 65
543 65
551 65
65 66
66 66
544 66
552 66
67 67
68 67
545 67
563 67
67 68
68 68
546 68
564 68
69 69
70 69
563 69
565 69
69 70
70 70
564 70
566 70
71 71
72 71
555 71
563 71
71 72
72 72
556 72
564 72
73 73
74 73
547 73
563 73
73 74
74 74
548 74
564 74
75 75
76 75
557 75
563 75
75 76
76 76
558 76
564 76
77 77
78 77
565 77
567 77
77 78
78 78
566 78
568 78
79 79
80 79
531 79
567 79
79 80
80 80
532 80
568 80
81 81
82 81
531 81
567 81
81 82
82 82
532 82
568 82
83 83
84 83
531 83
567 83
83 84
84 84
532 84
568 84
85 85
86 85
539 85
567 85
85 86
86 86
540 86
568 86
87 87
88 87
539 87
567 87
87 88
88 88
540 88
568 88
89 89
90 89
527 89
559 89
89 90
90 90
528 90
560 90
91 91
92 91
527 91
569 91
91 92
92 92
528 92
570 92
93 93
94 93
527 93
569 93
93 94
94 94
528 94
570 94
95 95
96 95
533 95
557 95
95 96
96 96
534 96
558 96
97 97
98 97
531 97
533 97
97 98
98 98
532 98
534 98
99 99
100 99
533 99
565 99
99 100
100 100
534 100
566 100
101 101
102 101
535 101
571 101
101 102
102 102
536 102
572 102
103 103
104 103
535 103
571 103
103 104
104 104
536 104
572 104
105 105
106 105
535 105
571 105
105 106
106 106
536 106
572 106
107 107
108 107
539 107
573 107
107 108
108 108
540 108
574 108
109 109
110 109
523 109
575 109
109 110
110 110
524 110
576 110
111 111
112 111
523 111
575 111
111 112
112 112
524 112
576 112
113 113
114 113
523 113
575 113
113 114
114 114
524 114
576 114
115 115
116 115
519 115
553 115
115 116
116 116
520 116
554 116
117 117
118 117
519 117
553 117
117 118
118 118
520 118
554 118
119 119
120 119
519 119
547 119
119 120
120 120
520 120
548 120
121 121
122 121
577 121
579 121
121 122
122 122
578 122
580 122
123 123
124 123
581 123
583 123
123 124
124 124
582 124
584 124
125 125
126 125
585 125
587 125
125 126
126 126
586 126
588 126
127 127
128 127
589 127
591 127
127 128
128 128
590 128
592 128
129 129
130 129
589 129
593 129
129 130
130 130
590 130
594 130
131 131
132 131
595 131
597 131
131 132
132 132
596 132
598 132
133 133
134 133
597 133
599 133
133 134
134 134
598 134
600 134
135 135
136 135
601 135
603 135
135 136
136 136
602 136
604 136
137 137
138 137
603 137
605 137
137 138
138 138
604 138
606 138
139 139
140 139
591 139
607 139
139 140
140 140
592 140
608 140
141 141
142 141
607 141
609 141
141 142
142 142
608 142
610 142
143 143
144 143
577 143
607 143
143 144
144 144
578 144
608 144
145 145
146 145
611 145
613 145
145 146
146 146
612 146
614 146
147 147
148 147
611 147
615 147
147 148
148 148
612 148
616 148
149 149
150 149
581 149
593 149
149 150
150 150
582 150
594 150
151 151
152 151
593 151
617 151
151 152
152 152
594 152
618 152
153 153
154 153
583 153
619 153
153 154
154 154
584 154
620 154
155 155
156 155
621 155
623 155
155 156
156 156
622 156
624 156
157 157
158 157
561 157
157 158
158 158
562 158
159 159
160 159
523 159
159 160
160 160
524 160
161 161
162 161
559 161
161 162
162 162
560 162
163 163
164 163
527 163
163 164
164 164
528 164
165 165
166 165
569 165
165 166
166 166
570 166
167 167
168 167
521 167
167 168
168 168
522 168
169 169
170 169
555 169
169 170
170 170
556 170
171 171
172 171
571 171
171 172
172 172
572 172
173 173
174 173
535 173
173 174
174 174
536 174
175 175
176 175
529 175
175 176
176 176
530 176
177 177
178 177
533 177
177 178
178 178
534 178
179 179
180 179
531 179
179 180
180 180
532 180
181 181
182 181
567 181
181 182
182 182
568 182
183 183
184 183
577 183
625 183
183 184
184 184
578 184
626 184
185 185
186 185
625 185
627 185
185 186
186 186
626 186
628 186
187 187
188 187
629 187
631 187
187 188
188 188
630 188
632 188
189 189
190 189
629 189
633 189
189 190
190 190
630 190
634 190
191 191
192 191
585 191
635 191
191 192
192 192
586 192
636 192
193 193
194 193
585 193
637 193
193 194
194 194
586 194
638 194
196 195
637 195
639 195
195 196
638 196
640 196
197 197
198 197
609 197
641 197
197 198
198 198
610 198
642 198
200 199
609 199
643 199
199 200
610 200
644 200
202 201
615 201
645 201
201 202
616 202
646 202
203 203
204 203
647 203
649 203
203 204
204 204
648 204
650 204
205 205
206 205
647 205
651 205
205 206
206 206
648 206
652 206
207 207
208 207
647 207
653 207
207 208
208 208
648 208
654 208
209 209
210 209
655 209
657 209
209 210
210 210
656 210
658 210
212 211
617 211
659 211
211 212
618 212
660 212
213 213
214 213
595 213
601 213
213 214
214 214
596 214
602 214
215 215
216 215
599 215
605 215
215 216
216 216
600 216
606 216
217 217
218 217
619 217
655 217
217 218
218 218
620 218
656 218
220 219
619 219
661 219
219 220
620 220
662 220
222 221
591 221
663 221
221 222
592 222
664 222
224 223
579 223
665 223
223 224
580 224
666 224
225 225
226 225
277 225
407 225
477 225
667 225
225 226
226 226
278 226
408 226
478 226
668 226
228 227
621 227
669 227
227 228
622 228
670 228
230 229
587 229
671 229
229 230
588 230
672 230
231 231
232 231
673 231
675 231
231 232
232 232
674 232
676 232
234 233
641 233
677 233
233 234
642 234
678 234
235 235
236 235
353 235
489 235
235 236
236 236
354 236
490 236
238 237
679 237
237 238
680 238
240 239
625 239
239 240
626 240
242 241
577 241
241 242
578 242
244 243
583 243
243 244
584 244
245 245
246 245
365 245
481 245
245 246
246 246
366 246
482 246
247 247
248 247
369 247
483 247
247 248
248 248
370 248
484 248
249 249
250 249
373 249
459 249
463 249
249 250
250 250
374 250
460 250
464 250
252 251
623 251
251 252
624 252
254 253
633 253
253 254
634 254
256 255
609 255
255 256
610 256
258 257
655 257
257 258
656 258
260 259
617 259
259 260
618 260
262 261
635 261
261 262
636 262
264 263
649 263
263 264
650 264
266 265
611 265
265 266
612 266
268 267
631 267
267 268
632 268
270 269
593 269
269 270
594 270
272 271
619 271
271 272
620 272
274 273
579 273
273 274
580 274
276 275
591 275
275 276
592 276
225 277
277 277
278 277
407 277
477 277
226 278
277 278
278 278
408 278
478 278
279 279
280 279
409 279
487 279
279 280
280 280
410 280
488 280
282 281
621 281
281 282
622 282
283 283
284 283
419 283
485 283
283 284
284 284
420 284
486 284
286 285
653 285
285 286
654 286
288 287
645 287
287 288
646 288
290 289
659 289
289 290
660 290
292 291
685 291
291 292
686 292
294 293
687 293
293 294
688 294
296 295
639 295
295 296
640 296
298 297
677 297
297 298
678 298
300 299
689 299
299 300
690 300
302 301
691 301
301 302
692 302
304 303
693 303
303 304
694 304
306 305
695 305
305 306
696 306
308 307
669 307
307 308
670 308
310 309
697 309
309 310
698 310
312 311
699 311
311 312
700 312
314 313
701 313
313 314
702 314
316 315
703 315
315 316
704 316
318 317
705 317
317 318
706 318
320 319
707 319
319 320
708 320
322 321
709 321
321 322
710 322
324 323
711 323
323 324
712 324
326 325
713 325
325 326
714 326
328 327
715 327
327 328
716 328
330 329
657 329
329 330
658 330
332 331
661 331
331 332
662 332
334 333
667 333
333 334
668 334
336 335
665 335
335 336
666 336
338 337
671 337
337 338
672 338
340 339
643 339
339 340
644 340
342 341
663 341
341 342
664 342
344 343
717 343
343 344
718 344
346 345
719 345
345 346
720 346
348 347
721 347
347 348
722 348
350 349
723 349
349 350
724 350
352 351
651 351
351 352
652 352
235 353
353 353
354 353
489 353
236 354
353 354
354 354
490 354
356 355
679 355
355 356
680 356
358 357
625 357
357 358
626 358
360 359
577 359
359 360
578 360
362 361
581 361
361 362
582 362
364 363
583 363
363 364
584 364
245 365
365 365
366 365
481 365
246 366
365 366
366 366
482 366
368 367
681 367
367 368
682 368
247 369
369 369
370 369
483 369
248 370
369 370
370 370
484 370
372 371
637 371
371 372
638 372
249 373
373 373
374 373
459 373
463 373
250 374
373 374
374 374
460 374
464 374
376 375
623 375
375 376
624 376
378 377
633 377
377 378
634 378
380 379
609 379
379 380
610 380
382 381
615 381
381 382
616 382
384 383
655 383
383 384
656 384
386 385
617 385
385 386
618 386
388 387
635 387
387 388
636 388
390 389
607 389
389 390
608 390
392 391
649 391
391 392
650 392
394 393
611 393
393 394
612 394
396 395
683 395
395 396
684 396
398 397
631 397
397 398
632 398
400 399
593 399
399 400
594 400
402 401
619 401
401 402
620 402
404 403
591 403
403 404
592 404
406 405
579 405
405 406
580 406
225 407
277 407
407 407
408 407
477 407
226 408
278 408
407 408
408 408
478 408
279 409
409 409
410 409
487 409
280 410
409 410
410 410
488 410
412 411
627 411
411 412
628 412
414 413
621 413
413 414
622 414
416 415
587 415
415 416
588 416
418 417
603 417
417 418
604 418
283 419
419 419
420 419
485 419
284 420
419 420
420 420
486 420
422 421
641 421
421 422
642 422
424 423
653 423
423 424
654 424
425 425
426 425
561 425
575 425
425 426
426 426
562 426
576 426
427 427
428 427
561 427
575 427
427 428
428 428
562 428
576 428
429 429
430 429
675 429
697 429
429 430
430 430
676 430
698 430
431 431
432 431
675 431
699 431
431 432
432 432
676 432
700 432
433 433
434 433
561 433
707 433
433 434
434 434
562 434
708 434
435 435
436 435
561 435
703 435
435 436
436 436
562 436
704 436
437 437
438 437
561 437
701 437
437 438
438 438
562 438
702 438
439 439
440 439
561 439
705 439
439 440
440 440
562 440
706 440
441 441
442 441
575 441
673 441
441 442
442 442
576 442
674 442
443 443
444 443
673 443
717 443
443 444
444 444
674 444
718 444
445 445
446 445
673 445
719 445
445 446
446 446
674 446
720 446
447 447
448 447
621 447
721 447
447 448
448 448
622 448
722 448
449 449
450 449
621 449
723 449
449 450
450 450
622 450
724 450
451 451
452 451
559 451
711 451
451 452
452 452
560 452
712 452
453 453
454 453
559 453
709 453
453 454
454 454
560 454
710 454
455 455
456 455
569 455
713 455
455 456
456 456
570 456
714 456
457 457
458 457
569 457
715 457
457 458
458 458
570 458
716 458
249 459
373 459
459 459
460 459
463 459
571 459
250 460
374 460
459 460
460 460
464 460
572 460
461 461
462 461
571 461
725 461
461 462
462 462
572 462
726 462
249 463
373 463
459 463
463 463
464 463
689 463
250 464
374 464
460 464
463 464
464 464
690 464
465 465
466 465
691 465
725 465
465 466
466 466
692 466
726 466
467 467
468 467
693 467
725 467
467 468
468 468
694 468
726 468
469 469
470 469
695 469
725 469
469 470
470 470
696 470
726 470
471 471
472 471
581 471
685 471
471 472
472 472
582 472
686 472
473 473
474 473
583 473
687 473
473 474
474 474
584 474
688 474
475 475
476 475
531 475
619 475
475 476
476 476
532 476
620 476
225 477
277 477
407 477
477 477
478 477
533 477
226 478
278 478
408 478
477 478
478 478
534 478
479 479
480 479
517 479
613 479
479 480
480 480
518 480
614 480
245 481
365 481
481 481
482 481
553 481
246 482
366 482
481 482
482 482
554 482
247 483
369 483
483 483
484 483
521 483
248 484
370 484
483 484
484 484
522 484
283 485
419 485
485 485
486 485
557 485
284 486
420 486
485 486
486 486
558 486
279 487
409 487
487 487
488 487
535 487
280 488
410 488
487 488
488 488
536 488
235 489
353 489
489 489
490 489
529 489
236 490
354 490
489 490
490 490
530 490
491 491
492 491
551 491
629 491
491 492
492 492
552 492
630 492
493 493
494 493
543 493
647 493
493 494
494 494
544 494
648 494
495 495
496 495
537 495
625 495
495 496
496 496
538 496
626 496
497 497
498 497
537 497
679 497
497 498
498 498
538 498
680 498
499 499
500 499
547 499
609 499
499 500
500 500
548 500
610 500
501 501
502 501
549 501
585 501
501 502
502 502
550 502
586 502
503 503
504 503
545 503
681 503
503 504
504 504
546 504
682 504
505 505
506 505
539 505
621 505
505 506
506 506
540 506
622 506
507 507
508 507
567 507
597 507
507 508
508 508
568 508
598 508
509 509
510 509
567 509
683 509
509 510
510 510
568 510
684 510
511 511
512 511
565 511
593 511
511 512
512 512
566 512
594 512
513 513
514 513
573 513
623 513
513 514
514 514
574 514
624 514
515 515
516 515
563 515
589 515
515 516
516 516
564 516
590 516
1 517
3 517
5 517
7 517
9 517
11 517
13 517
479 517
518 517
2 518
4 518
6 518
8 518
10 518
12 518
14 518
480 518
517 518
1 519
3 519
5 519
115 519
117 519
119 519
520 519
831 519
835 519
839 519
841 519
851 519
2 520
4 520
6 520
116 520
118 520
120 520
519 520
832 520
836 520
840 520
841 520
852 520
7 521
15 521
17 521
57 521
59 521
167 521
483 521
522 521
753 521
757 521
761 521
763 521
773 521
8 522
16 522
18 522
58 522
60 522
168 522
484 522
521 522
754 522
758 522
762 522
763 522
774 522
9 523
11 523
13 523
23 523
109 523
111 523
113 523
159 523
524 523
857 523
861 523
865 523
867 523
877 523
10 524
12 524
14 524
24 524
110 524
112 524
114 524
160 524
523 524
858 524
862 524
866 524
867 524
878 524
15 525
17 525
19 525
21 525
23 525
526 525
727 525
731 525
735 525
737 525
747 525
16 526
18 526
20 526
22 526
24 526
525 526
728 526
732 526
736 526
737 526
748 526
19 527
21 527
89 527
91 527
93 527
163 527
528 527
20 528
22 528
90 528
92 528
94 528
164 528
527 528
25 529
27 529
29 529
31 529
33 529
35 529
175 529
489 529
530 529
26 530
28 530
30 530
32 530
34 530
36 530
176 530
490 530
529 530
25 531
27 531
79 531
81 531
83 531
97 531
179 531
475 531
532 531
26 532
28 532
80 532
82 532
84 532
98 532
180 532
476 532
531 532
29 533
95 533
97 533
99 533
177 533
477 533
534 533
30 534
96 534
98 534
100 534
178 534
478 534
533 534
31 535
33 535
35 535
101 535
103 535
105 535
173 535
487 535
536 535
32 536
34 536
36 536
102 536
104 536
106 536
174 536
488 536
535 536
37 537
39 537
45 537
47 537
495 537
497 537
538 537
38 538
40 538
46 538
48 538
496 538
498 538
537 538
37 539
39 539
85 539
87 539
107 539
505 539
540 539
38 540
40 540
86 540
88 540
108 540
506 540
539 540
41 541
43 541
542 541
42 542
44 542
541 542
41 543
43 543
65 543
493 543
544 543
42 544
44 544
66 544
494 544
543 544
45 545
67 545
503 545
546 545
46 546
68 546
504 546
545 546
47 547
51 547
73 547
119 547
499 547
548 547
48 548
52 548
74 548
120 548
500 548
547 548
49 549
51 549
53 549
55 549
501 549
550 549
50 550
52 550
54 550
56 550
502 550
549 550
49 551
65 551
491 551
552 551
50 552
66 552
492 552
551 552
53 553
55 553
115 553
117 553
481 553
554 553
54 554
56 554
116 554
118 554
482 554
553 554
57 555
59 555
61 555
71 555
169 555
556 555
779 555
783 555
787 555
789 555
799 555
58 556
60 556
62 556
72 556
170 556
555 556
780 556
784 556
788 556
789 556
800 556
61 557
75 557
95 557
485 557
558 557
62 558
76 558
96 558
486 558
557 558
63 559
89 559
161 559
451 559
453 559
560 559
64 560
90 560
162 560
452 560
454 560
559 560
63 561
157 561
425 561
427 561
433 561
435 561
437 561
439 561
562 561
64 562
158 562
426 562
428 562
434 562
436 562
438 562
440 562
561 562
67 563
69 563
71 563
73 563
75 563
515 563
564 563
68 564
70 564
72 564
74 564
76 564
516 564
563 564
69 565
77 565
99 565
511 565
566 565
805 565
809 565
813 565
815 565
825 565
70 566
78 566
100 566
512 566
565 566
806 566
810 566
814 566
815 566
826 566
77 567
79 567
81 567
83 567
85 567
87 567
181 567
507 567
509 567
568 567
78 568
80 568
82 568
84 568
86 568
88 568
182 568
508 568
510 568
567 568
91 569
93 569
165 569
455 569
457 569
570 569
92 570
94 570
166 570
456 570
458 570
569 570
101 571
103 571
105 571
171 571
459 571
461 571
572 571
102 572
104 572
106 572
172 572
460 572
462 572
571 572
107 573
513 573
574 573
108 574
514 574
573 574
109 575
111 575
113 575
425 575
427 575
441 575
576 575
110 576
112 576
114 576
426 576
428 576
442 576
575 576
121 577
143 577
183 577
241 577
359 577
577 577
578 577
122 578
144 578
184 578
242 578
360 578
577 578
578 578
121 579
223 579
273 579
405 579
579 579
580 579
122 580
224 580
274 580
406 580
579 580
580 580
123 581
149 581
361 581
471 581
581 581
582 581
124 582
150 582
362 582
472 582
581 582
582 582
123 583
153 583
243 583
363 583
473 583
583 583
584 583
124 584
154 584
244 584
364 584
474 584
583 584
584 584
125 585
191 585
193 585
501 585
586 585
126 586
192 586
194 586
502 586
585 586
125 587
229 587
415 587
587 587
588 587
126 588
230 588
416 588
587 588
588 588
127 589
129 589
515 589
590 589
128 590
130 590
516 590
589 590
127 591
139 591
221 591
275 591
403 591
591 591
592 591
128 592
140 592
222 592
276 592
404 592
591 592
592 592
129 593
149 593
151 593
269 593
399 593
511 593
593 593
594 593
130 594
150 594
152 594
270 594
400 594
512 594
593 594
594 594
131 595
213 595
595 595
596 595
601 595
132 596
214 596
595 596
596 596
602 596
131 597
133 597
507 597
598 597
132 598
134 598
508 598
597 598
133 599
215 599
599 599
600 599
605 599
134 600
216 600
599 600
600 600
606 600
135 601
213 601
595 601
601 601
602 601
136 602
214 602
596 602
601 602
602 602
135 603
137 603
417 603
603 603
604 603
136 604
138 604
418 604
603 604
604 604
137 605
215 605
599 605
605 605
606 605
138 606
216 606
600 606
605 606
606 606
139 607
141 607
143 607
389 607
607 607
608 607
140 608
142 608
144 608
390 608
607 608
608 608
141 609
197 609
199 609
255 609
379 609
499 609
609 609
610 609
142 610
198 610
200 610
256 610
380 610
500 610
609 610
610 610
145 611
147 611
265 611
393 611
611 611
612 611
146 612
148 612
266 612
394 612
611 612
612 612
145 613
479 613
614 613
146 614
480 614
613 614
147 615
201 615
381 615
615 615
616 615
148 616
202 616
382 616
615 616
616 616
151 617
211 617
259 617
385 617
617 617
618 617
152 618
212 618
260 618
386 618
617 618
618 618
153 619
217 619
219 619
271 619
401 619
475 619
619 619
620 619
154 620
218 620
220 620
272 620
402 620
476 620
619 620
620 620
155 621
227 621
281 621
413 621
447 621
449 621
505 621
621 621
622 621
156 622
228 622
282 622
414 622
448 622
450 622
506 622
621 622
622 622
155 623
251 623
375 623
513 623
623 623
624 623
156 624
252 624
376 624
514 624
623 624
624 624
183 625
185 625
239 625
357 625
495 625
625 625
626 625
184 626
186 626
240 626
358 626
496 626
625 626
626 626
185 627
411 627
627 627
628 627
186 628
412 628
627 628
628 628
187 629
189 629
491 629
630 629
188 630
190 630
492 630
629 630
187 631
267 631
397 631
631 631
632 631
188 632
268 632
398 632
631 632
632 632
189 633
253 633
377 633
633 633
634 633
190 634
254 634
378 634
633 634
634 634
191 635
261 635
387 635
635 635
636 635
192 636
262 636
388 636
635 636
636 636
193 637
195 637
371 637
637 637
638 637
194 638
196 638
372 638
637 638
638 638
195 639
295 639
640 639
196 640
296 640
639 640
197 641
233 641
421 641
641 641
642 641
198 642
234 642
422 642
641 642
642 642
199 643
339 643
644 643
200 644
340 644
643 644
201 645
287 645
646 645
202 646
288 646
645 646
203 647
205 647
207 647
493 647
648 647
204 648
206 648
208 648
494 648
647 648
203 649
263 649
391 649
649 649
650 649
204 650
264 650
392 650
649 650
650 650
205 651
351 651
651 651
652 651
206 652
352 652
651 652
652 652
207 653
285 653
423 653
653 653
654 653
208 654
286 654
424 654
653 654
654 654
209 655
217 655
257 655
383 655
655 655
656 655
210 656
218 656
258 656
384 656
655 656
656 656
209 657
329 657
658 657
210 658
330 658
657 658
211 659
289 659
660 659
212 660
290 660
659 660
219 661
331 661
662 661
220 662
332 662
661 662
221 663
341 663
664 663
222 664
342 664
663 664
223 665
335 665
666 665
224 666
336 666
665 666
225 667
333 667
668 667
226 668
334 668
667 668
227 669
307 669
670 669
228 670
308 670
669 670
229 671
337 671
672 671
230 672
338 672
671 672
231 673
441 673
443 673
445 673
674 673
232 674
442 674
444 674
446 674
673 674
231 675
429 675
431 675
676 675
232 676
430 676
432 676
675 676
233 677
297 677
678 677
234 678
298 678
677 678
237 679
355 679
497 679
679 679
680 679
238 680
356 680
498 680
679 680
680 680
367 681
503 681
681 681
682 681
368 682
504 682
681 682
682 682
395 683
509 683
683 683
684 683
396 684
510 684
683 684
684 684
291 685
471 685
686 685
292 686
472 686
685 686
293 687
473 687
688 687
294 688
474 688
687 688
299 689
463 689
690 689
300 690
464 690
689 690
301 691
465 691
692 691
302 692
466 692
691 692
303 693
467 693
694 693
304 694
468 694
693 694
305 695
469 695
696 695
306 696
470 696
695 696
309 697
429 697
698 697
310 698
430 698
697 698
311 699
431 699
700 699
312 700
432 700
699 700
313 701
437 701
702 701
314 702
438 702
701 702
315 703
435 703
704 703
316 704
436 704
703 704
317 705
439 705
706 705
318 706
440 706
705 706
319 707
433 707
708 707
320 708
434 708
707 708
321 709
453 709
710 709
322 710
454 710
709 710
323 711
451 711
712 711
324 712
452 712
711 712
325 713
455 713
714 713
326 714
456 714
713 714
327 715
457 715
716 715
328 716
458 716
715 716
343 717
443 717
718 717
344 718
444 718
717 718
345 719
445 719
720 719
346 720
446 720
719 720
347 721
447 721
722 721
348 722
448 722
721 722
349 723
449 723
724 723
350 724
450 724
723 724
461 725
465 725
467 725
469 725
726 725
462 726
466 726
468 726
470 726
725 726
727 727
728 727
731 727
735 727
737 727
727 728
728 728
732 728
736 728
737 728
730 729
731 729
729 730
732 730
729 731
731 731
732 731
735 731
737 731
730 732
731 732
732 732
736 732
737 732
734 733
735 733
733 734
736 734
733 735
735 735
736 735
737 735
734 736
735 736
736 736
737 736
737 737
738 737
737 738
739 738
741 738
743 738
745 738
739 739
740 739
741 739
743 739
745 739
739 740
741 741
742 741
743 741
745 741
741 742
743 743
744 743
745 743
743 744
525 745
526 745
745 745
746 745
525 746
526 746
746 746
525 747
747 747
748 747
751 747
526 748
747 748
748 748
752 748
749 749
750 749
751 749
749 750
750 750
752 750
747 751
749 751
752 751
748 752
750 752
751 752
753 753
754 753
757 753
761 753
763 753
753 754
754 754
758 754
762 754
763 754
756 755
757 755
755 756
758 756
755 757
757 757
758 757
761 757
763 757
756 758
757 758
758 758
762 758
763 758
760 759
761 759
759 760
762 760
759 761
761 761
762 761
763 761
760 762
761 762
762 762
763 762
763 763
764 763
763 764
765 764
767 764
769 764
771 764
765 765
766 765
767 765
769 765
771 765
765 766
767 767
768 767
769 767
771 767
767 768
769 769
770 769
771 769
769 770
521 771
522 771
771 771
772 771
521 772
522 772
772 772
521 773
773 773
774 773
777 773
522 774
773 774
774 774
778 774
775 775
776 775
777 775
775 776
776 776
778 776
773 777
775 777
778 777
774 778
776 778
777 778
779 779
780 779
783 779
787 779
789 779
779 780
780 780
784 780
788 780
789 780
782 781
783 781
781 782
784 782
781 783
783 783
784 783
787 783
789 783
782 784
783 784
784 784
788 784
789 784
786 785
787 785
785 786
788 786
785 787
787 787
788 787
789 787
786 788
787 788
788 788
789 788
789 789
790 789
789 790
791 790
793 790
795 790
797 790
791 791
792 791
793 791
795 791
797 791
791 792
793 793
794 793
795 793
797 793
793 794
795 795
796 795
797 795
795 796
555 797
556 797
797 797
798 797
555 798
556 798
798 798
555 799
799 799
800 799
803 799
556 800
799 800
800 800
804 800
801 801
802 801
803 801
801 802
802 802
804 802
799 803
801 803
804 803
800 804
802 804
803 804
805 805
806 805
809 805
813 805
815 805
805 806
806 806
810 806
814 806
815 806
808 807
809 807
807 808
810 808
807 809
809 809
810 809
813 809
815 809
808 810
809 810
810 810
814 810
815 810
812 811
813 811
811 812
814 812
811 813
813 813
814 813
815 813
812 814
813 814
814 814
815 814
815 815
816 815
815 816
817 816
819 816
821 816
823 816
817 817
818 817
819 817
821 817
823 817
817 818
819 819
820 819
821 819
823 819
819 820
821 821
822 821
823 821
821 822
565 823
566 823
823 823
824 823
565 824
566 824
824 824
565 825
825 825
826 825
829 825
566 826
825 826
826 826
830 826
827 827
828 827
829 827
827 828
828 828
830 828
825 829
827 829
830 829
826 830
828 830
829 830
831 831
832 831
835 831
839 831
841 831
831 832
832 832
836 832
840 832
841 832
834 833
835 833
833 834
836 834
833 835
835 835
836 835
839 835
841 835
834 836
835 836
836 836
840 836
841 836
838 837
839 837
837 838
840 838
837 839
839 839
840 839
841 839
838 840
839 840
840 840
841 840
841 841
842 841
841 842
843 842
845 842
847 842
849 842
843 843
844 843
845 843
847 843
849 843
843 844
845 845
846 845
847 845
849 845
845 846
847 847
848 847
849 847
847 848
519 849
520 849
849 849
850 849
519 850
520 850
850 850
519 851
851 851
852 851
855 851
520 852
851 852
852 852
856 852
853 853
854 853
855 853
853 854
854 854
856 854
851 855
853 855
856 855
852 856
854 856
855 856
857 857
858 857
861 857
865 857
867 857
857 858
858 858
862 858
866 858
867 858
860 859
861 859
859 860
862 860
859 861
861 861
862 861
865 861
867 861
860 862
861 862
862 862
866 862
867 862
864 863
865 863
863 864
866 864
863 865
865 865
866 865
867 865
864 866
865 866
866 866
867 866
867 867
868 867
867 868
869 868
871 868
873 868
875 868
869 869
870 869
871 869
873 869
875 869
869 870
871 871
872 871
873 871
875 871
871 872
873 873
874 873
875 873
873 874
523 875
524 875
875 875
876 875
523 876
524 876
876 876
523 877
877 877
878 877
881 877
524 878
877 878
878 878
882 878
879 879
880 879
881 879
879 880
880 880
882 880
877 881
879 881
882 881
878 882
880 882
881 882
